20
2.2154 4.4881 1.7593 9.97 7.3018 4.1535 2.3601 8.5716 3.6693 6.1523 8.5688 6.54 4.0088 5.9914 6.975 6.308 2.0303 9.7524 6.4657 7.1727
4.5707 5.7316 3.3729 4.7873 3.2733 5.7335 9.1969 6.7899 3.6035 2.1719 3.3845 2.5061 3.9039 7.4888 8.7314 1.16 6.6532 3.1613 9.6363 6.8923
7.0168 9.2751 9.5307 2.2401 9.0608 1.6863 8.3819 6.5852 5.3328 9.6543 3.0911 3.3683 3.2369 4.1556 5.871 3.5249 5.0605 2.7721 1.5784 3.9199
6.2177 6.0222 6.9939 1.9426 5.6844 9.241 1.6227 4.9794 1.4535 4.5927 8.6825 7.5634 8.3756 3.1332 1.7036 3.057 6.7356 9.321 2.9537 8.7008
9.8792 5.0973 8.7915 6.8528 3.0073 1.0469 4.8732 5.6879 4.781 7.032 2.6575 5.8849 5.3686 7.3305 7.7562 3.2852 4.4633 7.9061 3.8456 3.5423
6.1193 7.9909 9.0663 2.4281 7.2629 3.7993 4.1928 4.1526 3.0275 4.5105 2.4839 4.1438 5.135 7.8856 3.6701 6.8505 2.6943 9.4009 6.2479 9.9393
5.5107 9.3931 5.9686 5.1824 1.1731 8.4526 1.6037 3.2667 1.4874 5.0419 2.6471 5.2212 5.5297 5.3485 9.2432 2.9912 6.1637 3.6727 4.986 7.7555
1.6159 4.8282 1.464 5.8461 3.5036 3.7335 9.7318 1.6954 9.1578 4.403 6.1706 5.8863 7.9379 9.3293 5.3881 1.8355 3.7537 5.9032 8.3445 4.0379
9.0839 8.1939 4.6694 9.086 1.1966 3.0032 5.7864 6.2763 6.5553 2.5639 4.4208 5.4839 7.7214 1.5223 9.5439 6.4463 6.0146 2.2255 5.8054 1.3977
6.674 2.1332 4.0493 7.5231 2.0383 1.6223 9.5282 6.516 7.3833 8.0313 4.0622 8.949 2.5784 7.8882 5.1529 9.1565 2.8665 3.3916 3.3069 7.217
9.1598 5.0794 8.8961 2.3244 6.8483 8.5015 4.7991 2.6865 7.7018 3.8411 6.7035 2.2041 3.8762 3.8051 9.4909 2.2136 9.5466 6.6427 1.0524 1.7092
2.4782 9.6171 9.0988 5.0162 7.0443 7.0058 5.0507 6.6556 6.8771 9.6024 2.3899 4.528 3.7133 4.6665 5.7232 5.3302 3.7206 5.5652 8.6569 1.9508
9.5959 5.9705 5.8119 8.4325 5.5867 2.7294 6.9905 9.0718 9.4463 3.6389 2.6199 7.375 7.6755 5.9978 9.4368 5.5115 8.303 6.6177 3.7989 7.3216
8.9013 8.1633 3.0657 2.1376 9.0165 9.1372 1.818 8.0113 1.5062 8.524 9.5757 3.3786 8.845 8.051 4.4406 6.9069 8.3293 9.3903 4.4266 1.7756
8.2862 7.4916 2.1502 1.3445 4.3452 4.2575 1.9364 4.2471 5.6589 4.0407 6.3141 3.2543 4.7086 3.6417 2.4414 2.5667 1.4253 7.1578 6.5459 9.3553
7.2809 7.7738 7.6822 8.5621 7.8283 9.814 4.1795 9.0147 4.6512 2.5316 6.5933 1.6904 3.6682 6.1154 4.72 9.0073 1.0375 7.0812 5.4753 3.1173
4.7122 8.6261 3.7558 8.6092 1.3457 6.5141 2.986 9.8566 1.3232 3.3562 9.8141 5.0309 2.1062 5.6339 2.4068 5.5721 5.3942 6.8584 1.2627 1.9584
5.3257 5.2782 4.2436 7.6893 8.3642 5.0196 7.8884 4.0675 6.7439 3.4068 8.0191 3.6905 4.3952 1.0176 9.8221 1.9205 7.8787 9.0821 1.7918 1.576
8.8283 6.5637 5.8722 7.9914 4.6022 9.6662 5.7298 9.2093 4.8181 7.1422 8.0226 1.8451 9.3691 4.9568 9.8628 7.8367 8.1697 7.3969 9.6745 8.1736
7.9203 1.2242 8.1459 4.8411 4.7602 6.1983 7.9908 2.5173 3.9617 3.0486 1.5241 4.1306 9.6788 2.0561 8.3233 9.1669 6.0383 4.9489 9.6471 5.9389
20
8.993 1.8425 9.3931 6.7863 7.0959 6.5684 2.9099 3.3957 4.9312 5.7741 8.6608 8.3909 3.8921 7.7908 7.0519 7.7195 6.8081 5.8696 2.1184 6.2045
7.3696 1.5701 5.6978 9.6969 2.676 7.198 1.1877 4.6712 3.3079 9.0858 9.3206 9.4254 7.2518 9.6028 6.7422 2.2179 6.2726 4.6249 8.5185 9.391
5.8967 8.2501 1.6993 8.3388 1.6272 7.0139 3.8083 5.1059 2.8908 7.6394 6.4616 4.8531 6.354 6.2964 7.3601 2.9695 9.1271 4.9173 1.8847 9.1874
8.6962 5.133 7.0361 3.3789 1.4762 5.1069 9.6308 9.1207 7.2169 2.1768 9.0334 2.6461 9.9343 1.797 4.0633 7.587 6.615 5.8863 5.283 6.9151
7.9879 5.1956 7.3242 6.5452 3.2996 3.8423 2.8226 2.8527 5.7183 9.8728 7.3958 1.5036 1.5821 3.7978 7.6971 8.3341 3.9528 2.5271 9.6263 4.8806
2.6652 4.4015 7.3079 3.6911 7.4547 9.5977 6.5969 1.0518 6.106 4.4941 3.0615 4.5761 2.1465 2.3351 4.1214 9.1837 9.0279 4.2264 1.5707 5.1955
2.5939 1.8463 9.5407 8.6597 5.9023 1.6429 4.3392 8.46 5.3113 1.583 8.33 6.3414 3.1589 5.5187 7.4026 4.0662 1.4029 7.5885 4.6415 4.9526
4.0635 1.8983 8.3131 2.9395 3.9946 7.1309 1.2811 3.6248 2.8747 1.4727 1.747 3.829 5.2606 8.7738 3.0224 9.4054 8.1673 7.968 3.7438 8.7065
3.0815 1.3733 5.888 1.9739 4.8748 2.8258 6.5973 2.4773 4.6751 5.1134 9.3808 2.3815 4.5884 6.8087 8.2813 8.9557 8.4115 9.7994 6.0202 1.182
5.2896 7.0734 5.1947 3.2339 3.2704 4.4508 6.717 2.4166 2.8123 4.7902 6.5361 9.4955 7.7465 2.8684 1.9134 9.868 5.7681 9.1498 9.9759 7.2047
7.7419 5.6542 2.1134 7.4038 3.9611 6.1613 5.2154 7.547 4.6666 2.5554 7.2711 2.4359 7.191 2.5097 8.9727 2.5282 2.0006 9.3585 1.4216 5.6848
4.806 8.3205 8.3522 3.3435 1.0438 5.4572 6.8103 6.4941 9.3227 4.1704 4.1707 2.7223 6.622 1.018 1.1073 2.9907 1.7458 3.4592 1.8652 7.396
4.5829 8.1714 1.2461 8.6663 1.1256 2.7561 1.0212 8.4549 4.3205 1.5457 7.5876 9.2577 8.4065 1.254 7.5214 3.228 2.3255 7.0966 1.1777 5.1199
3.8404 3.2428 2.2247 6.3253 1.1613 4.7869 8.5703 4.308 6.0607 8.2544 5.1219 2.3712 8.6409 2.605 6.5243 7.5559 5.2412 7.2328 3.2958 4.1885
9.4337 7.218 6.1561 3.7593 5.3932 9.2229 3.9523 6.5479 5.0986 1.4615 7.7893 8.5067 8.534 7.6757 9.7025 5.4749 5.9656 3.7377 1.0113 7.6516
7.2125 6.9939 6.4824 3.0707 5.9221 8.8369 3.249 3.1801 7.1709 9.9236 9.7193 8.2705 7.4571 4.7069 8.4141 5.5854 8.4626 6.6314 8.3688 3.9979
8.9618 1.2642 5.4548 5.9355 4.5004 9.3768 4.8104 4.2486 8.3436 5.3605 9.1271 4.2392 8.0266 5.466 9.7276 7.2736 5.7109 9.4623 8.7627 2.8901
2.3085 8.7916 1.3959 8.5235 7.1368 2.7796 4.0391 8.2134 6.8273 2.1656 3.5401 3.5127 4.364 8.0941 9.6309 9.5095 7.8598 6.739 6.3699 3.2604
7.6749 8.302 9.7805 4.4733 1.2362 7.9469 5.5094 9.0634 8.8018 2.9 2.5853 3.6798 1.8999 5.37 1.0854 3.7207 1.3265 4.5584 4.6296 7.6857
2.9793 1.7095 8.1966 5.9694 8.3672 9.2896 6.2005 7.1708 7.6501 8.5825 2.2768 1.3378 6.095 2.5066 4.3875 9.8994 1.9495 1.633 9.1049 1.7422