40
1.8498 1.1955 9.264 5.1787 1.7741 5.9311 3.013 6.6669 5.1153 4.0777 6.2394 1.1487 6.8054 5.3611 8.0385 9.2896 8.1836 2.5992 6.7292 6.7618 5.7713 7.4313 7.7987 1.4461 3.7201 3.7514 6.8722 5.0179 1.9182 1.4082 6.4638 7.5459 9.042 8.0735 9.2086 2.1634 2.2921 2.9662 7.537 4.4644
3.8669 4.7354 4.4453 2.663 5.2802 3.099 1.5088 6.0049 1.1353 6.5006 2.2051 5.129 8.6038 7.4679 8.8832 5.5105 2.8082 3.2938 8.0496 9.4413 5.9236 9.2836 9.4718 4.0601 2.9527 9.7168 6.8498 2.0738 8.8634 1.2817 5.5098 3.1567 1.5245 9.7732 1.5141 1.7897 5.409 8.8832 3.9825 6.0295
2.0942 5.1077 1.0861 8.7687 4.0585 4.0599 6.4214 7.4065 6.6739 8.6103 3.1083 3.121 2.4474 6.052 5.6777 4.0353 9.1254 3.8117 4.1205 5.9286 9.033 5.511 8.1565 4.4114 9.6191 5.7325 9.3169 7.6412 1.4201 9.2227 3.5308 5.9074 6.4202 4.4701 9.0508 6.3398 9.545 4.0737 2.619 2.8196
1.7969 2.7704 6.678 8.3931 6.7561 1.0017 6.2193 8.4836 1.1061 4.1108 2.4675 5.0206 1.6256 4.1182 7.2549 7.1988 3.6772 1.2685 8.3856 8.4416 8.9706 7.8693 2.7338 5.7889 4.881 1.591 7.9422 9.7547 7.7102 9.0724 8.123 9.6982 3.5027 7.8775 9.0996 9.5977 4.6763 8.2319 4.1021 3.4224
8.9218 3.9362 7.9617 4.9045 7.601 9.3057 2.8171 9.9982 8.6982 8.3504 3.6271 8.516 5.1583 9.4493 4.636 7.6675 9.9616 2.4703 4.9734 6.6283 7.0278 9.8512 9.8438 7.1958 2.8576 8.4847 3.5275 2.2112 9.6077 9.3239 9.7193 6.5058 1.0221 8.0102 4.7346 1.8 3.8087 7.9347 4.3792 6.3937
7.3958 6.6083 3.3644 2.5263 1.9751 3.2408 4.3021 3.3533 4.8014 4.1172 2.6709 5.1056 4.1372 9.0685 2.2426 2.0462 4.2413 1.6439 2.6485 7.0016 8.0625 8.221 1.0907 4.3094 5.2389 2.1805 1.1608 6.7509 2.0206 3.3592 8.9429 4.2982 1.5594 5.903 4.3897 2.5004 6.4064 9.1866 3.0989 6.4545
4.3816 7.1309 7.2161 6.3966 3.9939 1.5024 9.2067 6.9572 4.1686 1.9653 8.7319 2.1871 4.2138 2.5314 1.6049 3.5028 8.271 2.3092 1.3503 1.3526 1.1095 4.5332 4.6351 6.3072 5.3616 8.0291 2.4337 4.4595 8.409 3.8065 4.0557 8.5847 6.2704 4.648 9.2271 1.8319 1.5499 5.4319 4.8973 9.7515
9.4847 1.3374 5.0057 8.9305 9.9174 1.2017 1.9934 3.9639 2.9981 2.2814 8.2398 2.542 2.0124 6.9744 2.4345 3.0304 6.447 3.5169 7.7499 9.6667 7.7026 2.2244 7.6382 8.6712 1.6268 4.0918 3.7839 7.5901 5.3681 7.2849 1.3989 3.1567 8.7179 6.0473 1.0001 5.2393 3.0019 4.1468 1.2206 1.3799
3.3638 5.8327 9.2804 4.1917 3.7964 4.5329 3.7955 1.6069 4.8797 8.1442 5.3685 8.2155 7.0102 7.5628 7.7263 1.274 5.8984 6.6215 6.4846 8.7039 7.8126 6.6245 9.0041 3.6244 1.1415 3.3653 6.6095 3.002 1.0354 4.1538 8.6426 9.7097 3.9927 1.9179 3.8766 3.1246 8.6153 6.2844 2.4371 7.3222
5.509 8.0963 5.3113 5.1342 8.3127 7.2794 8.053 3.8677 7.764 7.348 1.6038 6.6714 1.9202 6.228 3.6554 4.5632 8.8277 5.081 4.4668 9.9159 5.4838 5.8487 7.6872 4.4651 1.3137 3.3849 5.9622 3.3497 8.2567 5.1145 1.8594 9.9915 8.7684 2.1295 8.5609 2.9025 5.028 5.5599 6.2546 2.8056
5.1955 5.0493 7.2821 2.1351 9.1741 4.467 2.8767 4.0962 2.9955 3.613 2.3196 4.3818 7.7113 6.311 7.6817 7.9554 1.715 9.7988 4.7905 6.6488 3.8623 9.6934 9.0032 7.2059 5.631 6.5343 1.9543 3.3821 3.0064 1.1306 9.6906 3.7386 5.624 6.6732 8.5854 5.9404 2.5356 1.4315 2.7163 9.6628
1.6819 2.3914 6.8139 3.9306 2.4149 7.3674 4.6696 8.7658 1.923 8.2077 6.0871 1.163 9.7059 7.7591 8.0168 4.714 8.5205 2.762 1.5317 9.8083 1.8711 4.0633 7.7071 9.7509 6.7513 2.2785 5.2153 1.4229 8.7292 3.194 4.1851 4.606 5.7683 5.7135 5.973 1.5471 9.1752 4.1205 7.1856 3.6123
3.3589 7.5504 3.2327 9.7723 2.7945 3.0091 9.9319 4.6313 3.7609 8.7822 9.3215 3.2166 8.9462 8.8732 2.8588 3.4694 9.4927 7.596 5.8507 8.2565 3.6713 8.786 4.7659 1.4642 9.3585 7.0088 1.9257 6.884 8.5136 7.9761 9.6371 1.0129 5.8267 3.8348 8.7748 6.9515 6.6701 6.2194 7.3457 5.9414
7.8057 1.2198 2.3068 9.678 9.8158 3.6142 4.1519 7.1685 7.6091 3.9883 9.8157 6.2147 6.4451 3.8025 6.7082 6.4423 3.9967 8.3272 7.3238 8.7301 6.1251 5.5401 8.463 7.9701 3.7165 3.2206 3.4444 4.3024 1.6252 2.1342 4.917 5.1493 5.2931 6.8354 3.8077 6.4585 6.0198 8.4832 1.268 9.4624
2.3785 5.0993 7.1751 9.2278 3.1607 5.9494 6.7707 2.9833 4.1278 7.7958 4.7131 3.4167 5.2561 4.9901 2.0725 3.454 1.47 8.225 5.2017 1.3149 4.6598 7.8939 9.7105 4.9273 1.5745 1.9462 1.8689 5.8867 6.7134 6.6304 8.5818 2.8027 5.984 8.5661 5.7398 8.0689 9.251 2.1365 3.1403 8.0471
3.2083 5.088 1.078 1.6093 5.2295 4.7763 9.8164 8.2069 9.6859 1.414 5.731 2.7802 8.7682 2.7287 9.5799 1.2101 6.6427 2.7243 4.1167 5.1135 3.2733 6.5879 3.7203 3.6368 8.7399 6.7544 6.6881 5.8359 9.0911 8.4807 8.218 4.5964 9.6172 9.4515 4.6177 2.0106 9.3593 3.0604 4.0066 4.8104
1.9615 7.0817 4.6819 8.8831 5.0538 2.5683 3.5429 7.1507 3.338 9.5196 6.5298 9.2109 9.6032 2.0566 6.5603 1.2363 3.8475 6.1565 7.1461 5.2 7.4293 9.0024 9.19 9.892 7.748 9.8969 8.8009 3.4121 5.236 6.7075 8.868 9.2261 8.8093 4.2342 1.8012 7.2305 7.0328 8.1881 1.435 9.9037
1.8594 2.6918 2.6984 4.9091 4.8625 7.5757 2.8764 1.6027 9.8033 8.742 7.0433 3.938 9.1372 7.5248 4.9833 1.0894 9.7737 3.5961 9.696 1.0602 9.1527 7.7868 7.8131 6.6685 5.2842 9.6191 6.0879 2.0776 9.8893 8.203 5.514 4.6112 8.4661 3.1887 8.2422 2.8607 1.0266 1.6301 6.7605 5.3068
8.2421 7.4679 4.4704 8.3068 8.3978 4.5861 1.3641 5.3831 8.3621 7.1575 3.0041 8.3416 9.164 6.2958 4.8342 1.6318 7.3222 7.9157 9.7207 4.5259 3.3296 1.6522 8.6059 4.4207 5.252 1.8252 3.2077 2.5539 2.9049 2.0751 1.8544 2.078 4.7775 4.0471 3.4868 3.4713 4.4639 7.9918 1.2473 9.4072
2.0886 5.4005 8.261 5.1223 8.4535 5.4875 1.5971 8.4081 7.4354 4.265 7.7922 7.1856 3.6975 6.9628 3.5739 9.5521 4.5919 2.1694 2.0473 1.4628 2.5967 2.8827 3.8777 8.6759 3.3685 5.7581 3.4059 9.7214 4.3854 2.4527 2.8206 9.7826 8.3901 8.5033 4.5016 6.7788 9.3816 5.2811 4.03 1.1978
1.0006 1.425 4.851 9.8519 4.924 6.7035 2.844 3.9557 2.0375 2.5805 3.0802 5.7375 2.9817 4.0396 2.8469 7.4895 4.6435 1.056 7.2057 7.2347 8.3867 1.5713 1.7037 4.8949 7.676 8.2338 5.4227 6.3918 3.2248 7.9115 9.4215 4.9185 6.4329 1.147 8.4957 2.4114 1.3102 3.7991 5.2886 1.513
5.2795 5.3425 7.4765 9.518 5.7554 9.0929 5.8025 2.9964 6.6952 8.0987 5.5768 9.9918 9.1855 9.4415 5.1834 4.4768 8.4984 2.7377 1.9379 4.4705 3.3191 3.1899 2.4765 3.7237 9.686 9.2941 8.2467 7.7783 7.0189 7.4753 4.823 2.2981 7.9752 4.5042 3.8649 9.6356 6.745 4.2495 6.5114 6.6935
9.2557 2.1454 2.65 2.2987 3.2342 9.5605 9.3244 5.9103 7.721 8.3724 8.7382 7.2019 8.477 9.5468 5.427 2.8522 2.4805 4.4077 4.0333 1.38 1.5658 5.2647 1.2217 1.0746 1.491 9.4929 5.1982 6.5642 1.3488 3.4229 4.9995 6.4244 7.7945 1.2412 3.0923 9.7991 1.8707 7.5765 5.0838 1.623
4.7557 9.9313 1.0921 6.8041 1.1429 2.2706 2.671 5.1848 1.5575 7.7773 9.3139 4.8033 7.7939 1.9681 5.9158 4.0677 9.1783 8.2504 1.1187 3.6534 4.9884 3.412 2.0483 5.8779 6.9804 3.5789 1.9367 6.9576 7.2007 8.316 6.9658 4.3575 6.5494 8.3556 9.306 6.4552 7.1767 7.1866 5.9707 4.0545
6.0775 5.7628 1.1973 5.1305 2.4683 9.0255 4.5833 6.7105 4.5039 6.5104 2.5749 3.9581 5.2767 7.7891 9.3146 9.5532 9.187 8.3381 8.6552 5.3404 1.0805 5.5372 1.1879 1.8352 6.1599 5.5174 7.8833 6.3049 6.5671 7.9074 6.014 7.0636 9.2832 4.9254 9.6675 2.9476 9.5353 1.4667 7.2434 8.9734
5.2505 8.8678 9.5777 6.0739 2.0048 2.4354 9.3363 5.6136 5.2841 2.5131 6.3356 8.1732 3.8107 4.127 6.3459 7.888 4.7413 1.7963 9.5189 9.7312 4.2119 2.7124 4.7647 1.0054 9.465 4.3459 3.1454 1.4277 2.4606 2.8021 1.511 4.0759 7.7969 6.5762 8.2321 2.7329 1.5517 4.6523 9.4188 2.8345
2.6336 9.0488 6.8042 2.5233 7.5466 4.6875 8.7983 8.0752 1.3331 8.0233 7.5671 6.5661 9.5338 5.3928 2.4146 7.2123 6.6831 9.5728 2.3729 2.6732 2.4088 3.1037 5.2212 7.2015 3.0443 7.0049 5.7899 6.7693 3.1647 5.1996 8.6097 7.5522 2.984 5.6427 8.9839 7.6401 4.5681 6.0353 1.1322 5.0186
5.8642 3.5297 8.0547 1.5176 4.1711 2.7317 5.1273 4.9274 4.1325 7.6377 1.097 6.3458 6.1692 6.9285 9.8864 9.2385 9.2549 5.3235 3.317 4.2177 8.4107 9.8497 2.3238 4.3086 6.9274 3.3617 6.9499 1.6618 6.9451 1.956 9.4966 6.4816 7.2702 4.0692 2.4846 4.1622 5.7492 7.209 8.5767 8.7476
1.6203 9.8307 4.0333 2.4026 1.3718 6.0294 3.2156 3.6569 6.8819 7.2727 4.0124 5.8372 8.086 7.8724 1.7934 3.0832 6.6708 1.0585 5.6775 8.9889 5.6976 2.7728 9.0899 1.0774 5.1721 6.2057 9.3188 3.4018 6.7253 3.3494 6.5181 1.2695 3.2349 7.4117 3.4279 8.2684 5.6904 5.0551 8.5005 6.6044
2.7781 7.8948 1.4644 3.5975 7.5373 8.1085 3.7594 5.2379 7.5593 3.9455 7.7857 3.6488 5.2126 5.7942 7.2438 6.2025 4.3518 3.3215 6.4683 7.1689 7.0882 3.4244 8.4183 1.4714 9.3161 9.2026 5.1113 8.5178 3.076 4.5641 5.2669 5.3605 5.4458 7.5932 5.0834 6.4858 8.6427 9.1327 7.5478 4.7108
1.0425 5.119 6.4793 4.7462 8.9845 9.2885 4.126 6.0984 3.2651 4.2228 8.2375 9.8785 3.5149 5.9956 3.9662 5.8646 3.8093 6.5053 9.8978 2.0681 5.7851 3.1642 2.0232 1.8632 7.2282 2.8707 5.2307 8.0481 6.1242 5.1758 5.1912 5.7801 8.9148 4.4326 2.6867 8.263 3.898 3.0978 2.8393 8.6617
8.9047 8.6774 2.2333 5.7459 7.6573 8.9144 4.7219 2.6781 4.1663 2.4684 2.2264 9.8994 9.3191 2.614 5.6333 4.3732 8.7882 7.1935 6.7918 5.4545 5.2141 3.4041 7.5939 5.2799 1.2323 2.6995 4.0087 8.8059 5.8947 7.5972 4.4172 6.3411 8.5202 6.1462 7.453 3.4856 2.101 8.7699 9.7876 3.2121
1.2847 8.2296 3.8966 5.4353 1.3734 3.2974 2.7308 3.821 1.7984 1.9174 9.3431 8.4544 8.2444 4.5204 2.4749 9.358 2.1462 3.7841 3.8383 5.4557 4.2631 6.0836 5.9571 6.2235 2.0731 1.7734 5.0022 8.796 8.1309 5.4819 7.657 6.6377 9.1598 5.7095 5.4367 3.0713 7.0732 6.2673 5.034 7.6901
6.1703 7.5106 8.581 8.3743 7.9627 3.662 5.4905 3.1805 2.154 7.7635 8.2717 9.1014 5.9476 8.4903 3.3994 5.7555 8.3 7.8825 9.5356 4.9973 1.6911 3.495 3.8293 1.3481 3.57 3.2458 5.8087 4.3385 1.067 7.0189 8.526 3.9684 4.4252 5.5805 7.2321 7.7031 5.2162 1.7456 1.1819 5.4897
9.8291 4.7642 8.6058 3.4931 1.1202 8.6752 2.5234 5.4427 4.9995 9.1725 4.4674 9.3414 7.2689 2.8422 4.095 7.7394 3.5204 7.0463 1.3556 6.2021 6.3515 5.5196 4.2092 5.1578 7.2633 8.155 6.3104 5.1298 4.9912 2.8434 7.0868 5.944 7.1072 7.4133 3.2486 4.6775 7.153 8.2754 6.4558 8.053
6.7694 1.5425 9.9441 4.1651 5.3655 8.0409 3.6132 8.6517 1.6938 9.1814 6.6778 1.4159 4.1827 4.9878 9.0475 2.7222 2.3907 2.1813 4.3384 1.9462 1.6695 9.9276 3.0537 5.3424 6.1854 8.0582 8.3217 8.1847 6.4276 3.2751 1.0962 1.7714 8.0883 6.9877 4.3292 1.7934 5.4386 6.3712 5.5402 2.2876
8.3977 9.7144 5.3822 1.4926 1.9737 8.1453 5.2884 3.9026 6.8659 2.5163 7.3705 2.584 3.6108 9.7893 5.826 4.3937 7.3199 1.3259 2.5232 3.7587 1.3954 7.1179 3.147 9.8686 6.9977 2.5336 9.3494 4.9671 4.0598 7.2134 3.915 1.3087 4.3487 8.3017 9.0104 4.5991 2.2702 4.5496 1.9702 8.5443
2.7769 2.0752 9.8917 9.785 6.9345 3.697 8.6367 8.0741 3.5466 6.9787 6.1465 4.8921 9.5627 4.0763 3.6972 6.3734 2.4574 4.0304 5.1643 1.7637 9.0255 1.4948 8.6752 2.1676 5.7346 4.584 5.7785 2.8542 7.4122 9.382 3.5755 3.2802 9.908 9.3293 5.35 3.2418 5.7224 1.7719 6.5258 3.1377
9.3454 5.2706 3.334 8.3411 3.4378 1.989 4.1622 8.9341 8.3752 3.8391 9.5989 8.5267 9.9227 8.8616 2.8366 6.0607 8.8853 3.4642 8.7894 7.3075 7.7059 8.9308 6.592 5.6123 1.7487 3.2762 4.3083 7.075 1.9935 8.3555 6.6584 4.2196 3.2016 3.7526 8.4718 5.3111 6.6885 8.8806 3.7306 5.338
8.0562 2.8065 8.0643 4.3854 5.5795 1.0239 3.5854 3.9788 7.3234 1.7024 4.7525 6.6815 7.987 6.5412 7.9705 1.8007 3.3995 5.2353 8.7638 9.6478 4.3111 5.4818 1.3739 3.4669 8.3424 8.0381 6.2148 4.8538 2.1946 1.5702 8.7743 6.9326 9.7158 9.5374 3.9852 4.2225 3.8833 6.5433 6.1247 7.9222
40
2.7729 6.9111 7.1739 7.6793 5.6012 2.5338 1.7329 2.1035 8.5199 3.8085 5.0072 5.2101 1.2129 9.4226 9.4403 8.1602 3.7583 5.103 8.0619 2.9788 5.6193 2.2662 2.4487 6.638 6.6965 8.3351 3.5895 9.0388 5.1404 7.994
4.2609 3.3463 8.4445 1.8386 3.1286 2.4192 2.6033 1.5777 4.4369 5.6683 4.4418 2.5413 8.0469 1.1601 5.8803 3.6952 2.8804 1.8905 5.037 5.9923 5.2442 3.3712 6.8325 7.378 1.4972 6.5005 1.6476 3.8045 9.2524 4.2965
3.4153 4.9773 8.4164 4.9876 4.2377 6.4101 2.9073 5.1217 5.1312 1.8261 8.1168 1.1945 9.4361 6.2902 3.853 9.6172 6.1872 5.5871 2.1105 8.8774 5.893 8.7052 3.4472 6.1133 2.0722 3.3931 8.1697 8.1763 6.9231 5.0433
2.456 6.9007 9.7001 7.5779 9.2952 2.5549 3.4076 7.2339 4.975 2.7341 6.8101 3.4457 6.4166 9.3643 4.7103 8.6901 7.8112 9.3954 4.6311 3.9705 5.7472 9.3997 6.8596 8.4901 4.4025 7.6591 6.4265 3.6282 5.7627 9.7536
7.6099 7.173 8.9315 2.1815 6.0248 4.7892 1.5507 3.8874 6.7675 7.8189 2.4883 8.4268 8.0687 2.5933 2.8529 8.7778 9.8451 9.5445 1.5232 8.0259 1.8307 1.0931 3.4011 2.4931 4.5634 6.3215 1.6352 9.5798 5.8182 2.4818
6.4964 7.2298 4.6772 2.749 2.1955 9.5826 7.2237 9.1749 8.2837 1.2359 9.0335 6.3141 3.6257 8.1184 5.4612 4.1278 9.2702 2.7597 1.5637 9.8242 5.2677 3.6158 2.2039 8.0532 5.394 8.4365 7.3836 5.2846 8.0239 1.5424
5.3224 7.4693 9.6752 3.4225 1.6175 2.0222 9.5803 5.6561 6.0411 1.013 5.116 7.0722 9.9949 9.0448 7.4728 9.3265 7.2917 8.4531 9.5125 7.0838 5.4633 6.9417 7.853 3.7553 3.8544 8.7923 7.0783 8.6167 7.8333 1.8672
7.1368 2.2024 6.4445 3.8616 9.6377 3.4993 9.4005 6.8294 6.4929 5.7405 4.1842 2.6579 6.1351 1.3941 2.7601 1.7192 6.7085 4.1203 9.2207 2.7107 5.4255 1.4926 8.4862 9.4047 6.846 1.6028 7.6883 2.2355 2.3576 7.5819
7.7648 7.8348 2.1476 7.8671 9.6729 4.7387 6.6278 7.8573 1.5936 3.2314 3.3128 6.0872 2.3041 4.8533 3.5106 8.5225 1.6646 5.502 4.5358 3.2946 8.6506 8.1042 3.9914 4.3605 5.0384 7.4153 9.7815 8.6212 9.3535 7.5561
2.1211 5.107 4.2268 4.6762 5.6804 3.6463 3.552 7.9257 2.8119 3.8782 1.2349 6.8425 9.4214 9.0004 6.3226 6.2186 1.175 9.5387 1.1886 6.3291 3.4787 4.0604 7.5706 6.7367 6.1896 8.1738 5.3016 8.8238 4.5765 3.6216
8.4996 1.6883 2.4668 1.1114 5.274 7.79 3.9775 6.4046 3.366 3.7643 9.6203 7.1748 2.0253 9.963 9.4841 8.8254 8.7047 5.7144 5.9298 2.355 2.0761 8.7732 2.6457 9.5956 7.7104 4.5969 4.6657 8.6367 6.8495 5.8778
4.2806 8.8075 2.3795 6.6766 5.4871 2.9901 1.7326 2.3511 3.2286 5.2939 6.0889 9.6944 2.5707 9.0167 3.8437 6.1515 3.4213 1.7439 6.6774 8.7996 2.9368 2.3302 5.5897 9.5931 9.3493 4.2248 1.4872 4.6027 9.7496 8.0795
3.167 7.0991 6.9112 7.4277 5.0343 7.6436 5.2666 4.8902 9.3666 6.8947 6.7946 6.8032 2.9303 8.1992 1.3993 1.6547 1.9665 3.934 9.0669 3.9343 1.4483 1.8712 6.0274 5.1518 4.4417 7.8181 4.2172 6.3748 5.8249 7.3986
8.7846 9.8152 4.8664 4.0273 5.3694 8.6635 4.9797 4.3721 7.9307 7.9661 2.951 5.4618 6.5456 3.0537 5.1342 4.9222 9.0503 8.3261 6.5992 1.1642 6.9699 3.6481 3.3001 9.9848 7.3704 3.0827 2.3781 4.1398 6.6134 4.8897
7.8066 6.4054 1.1936 8.435 1.29 6.9504 2.6694 9.3127 9.3799 8.773 8.9206 1.9586 5.3935 1.1973 3.6273 1.957 2.6172 6.3092 4.1191 4.5883 2.4245 9.8627 7.943 7.4786 3.7483 8.3175 6.0572 2.0675 5.7838 7.61
7.9924 5.6189 9.4364 4.2008 8.2112 2.3903 4.5709 3.0392 1.3528 1.5424 1.8777 8.1526 6.4476 2.5671 5.9362 8.3458 7.6264 2.8778 8.2131 1.9655 5.1267 7.5355 9.8241 6.1579 7.3036 7.5105 8.3426 1.7927 5.0804 9.2058
4.1503 8.6595 9.8469 8.4247 6.2292 7.8144 7.7632 4.2203 4.6124 8.3195 9.0723 4.948 8.5192 1.1294 8.6886 9.489 7.8036 8.5299 4.7046 6.5768 3.6424 3.9531 2.5031 9.4597 3.8491 5.6231 4.436 3.195 1.5514 2.8572
3.8667 7.3822 2.7196 4.0295 4.2427 7.5979 8.7249 1.5833 5.0255 7.1642 3.1096 8.9718 7.046 9.29 1.448 4.7588 6.831 6.2892 6.6978 9.0307 9.3417 3.695 1.7073 1.1375 4.7714 2.9919 8.5628 4.538 7.7864 1.6389
6.362 2.5917 7.4996 8.7672 8.2774 6.5618 6.0477 2.7361 2.1585 9.7302 5.1093 2.8309 4.6819 1.9082 3.3836 2.2385 2.0677 9.502 4.1291 8.9248 6.5012 8.3914 9.1541 7.9894 2.7802 9.4521 7.1231 9.7934 3.1286 1.2483
3.9886 4.8787 4.7832 3.7324 7.0406 1.761 2.7412 4.1136 5.6811 8.4555 4.733 8.4041 8.8675 5.9256 7.6062 3.7456 2.4095 7.0756 4.7223 8.1677 4.1384 5.7385 2.029 9.2784 6.0756 2.1616 4.1682 5.8566 2.2974 1.3879
3.8958 1.1056 9.6426 2.829 1.4268 7.1815 3.7818 1.8233 8.9535 4.6906 9.0651 3.5668 9.668 8.0242 1.0393 5.1655 3.1869 2.9092 9.9549 9.2744 4.4486 1.8843 8.5748 4.56 5.6323 6.3721 1.9197 5.8307 3.5735 9.7572
4.5593 1.038 8.1478 5.2268 7.8811 3.6732 4.1969 5.785 8.6939 4.4419 7.5975 9.6042 4.6882 7.3968 3.4441 9.5228 4.0504 4.7391 6.334 3.3826 9.5566 8.4863 5.4438 9.9282 9.0863 9.3931 7.0949 5.4572 4.632 3.8858
3.4117 5.7815 8.6503 6.3646 7.8756 8.6244 7.0571 8.1378 9.2294 3.4394 7.9123 7.2277 9.9373 2.3396 7.6395 1.7328 6.318 9.3493 2.4701 2.0536 9.555 2.447 5.9342 6.4639 6.5972 3.1099 4.1936 2.5904 1.6524 7.7418
5.0414 5.8819 4.5067 7.8532 8.4191 4.9052 9.716 5.1493 9.5487 9.1399 3.6905 8.2552 5.8735 1.4845 3.6707 2.9824 3.3992 2.6522 1.8047 1.2265 1.0651 9.9498 3.3302 3.461 2.0899 9.3776 5.2479 5.7655 5.6606 6.7016
9.3947 6.8747 8.0286 9.141 8.1789 4.0439 4.6261 4.0431 7.8157 1.9366 5.1791 5.3126 2.5586 4.0849 7.9011 7.8445 7.3484 6.6038 8.8331 2.0014 4.1153 8.6936 8.5298 6.3757 9.9289 2.0121 5.6478 5.2498 3.7694 9.2172
2.6912 6.0703 9.87 5.2268 2.5524 9.328 6.3587 2.9175 3.5305 8.245 3.6243 2.9998 9.8484 3.5367 5.5836 8.8604 3.7221 4.3429 4.9506 1.8125 9.0615 5.9324 6.9008 4.516 7.6813 6.0763 4.5101 2.1808 9.038 4.6964
5.1166 5.1583 4.34 6.0144 1.5338 4.2879 4.8878 4.7365 3.8738 6.7277 6.7559 4.0425 4.1645 9.9417 4.7603 5.8144 6.2865 3.459 4.4783 6.2463 8.3942 8.4096 7.3548 7.3611 4.885 4.6283 9.6656 2.6055 2.3257 1.6551
1.6109 8.7356 9.0398 6.159 2.583 9.3668 4.5961 4.0243 9.3606 8.4493 2.7975 6.963 9.5912 9.9617 5.6777 7.6475 6.681 1.7319 1.0046 2.9181 3.2402 3.8376 5.0749 2.2352 2.3047 9.5514 2.9313 9.103 2.2949 4.68
3.7126 7.5316 6.6075 5.38 5.0153 8.6936 5.7554 4.6222 4.7717 2.533 8.7411 4.5757 3.1386 4.8177 1.4097 2.4711 3.6381 8.4543 6.2845 8.076 8.0679 3.905 7.7436 3.3593 9.7653 4.2395 6.1299 9.588 6.4652 1.5559
2.7916 2.668 3.5627 9.8486 9.5583 4.1445 9.4026 6.3478 7.9157 2.0955 7.7185 6.965 7.2096 2.8546 7.4973 3.8496 3.1583 2.514 3.9724 5.2735 1.6998 2.642 1.6666 6.0548 3.7679 7.4176 9.2411 9.6215 5.3235 4.8357
