60
4.0537 2.7998 6.7473 7.7566 9.391 2.9593 2.6588 8.1604 9.0117 1.1849 3.655 6.3311 8.1751 5.2676 5.0733 6.338 6.1926 8.7331 5.8361 5.181 9.4978 9.2796 8.0957 2.1943 7.9484 7.5048 1.3194 6.8005 3.2695 9.8186 1.845 4.1207 2.2873 9.2539 1.136 8.1944 8.9812 3.1859 5.2367 9.3536 8.954 9.7834 2.2989 5.0782 5.5089 7.9743 5.2817 6.3274 8.3224 1.9175 2.8537 2.9683 4.48 1.4824 5.804 5.64 1.5296 9.6056 6.2284 2.0965
5.7856 3.4212 2.8886 1.928 5.8357 3.4998 6.8397 7.5655 6.9022 2.8912 4.2156 3.215 2.888 4.1915 4.7904 3.978 2.8181 5.0499 4.0181 3.9591 5.6193 6.1887 3.9281 4.3208 7.6002 9.3142 9.8849 3.7656 2.2242 7.7878 7.7463 2.5728 9.1314 2.3032 8.5837 2.542 1.5709 7.2983 1.3373 3.108 3.697 2.4781 8.4851 6.4507 8.3216 2.2447 8.5239 8.8313 1.467 7.6899 6.4663 2.7623 8.1373 1.6321 6.9735 8.0208 2.1074 1.6911 1.0844 8.0874
1.4529 4.6425 5.6647 1.1321 1.0682 8.6929 3.2248 5.8773 8.3541 1.0751 9.9752 5.0392 1.9543 7.3659 4.5533 4.4518 7.6947 7.5877 3.1944 7.8282 9.8747 5.1154 1.052 8.9938 9.2682 5.9097 8.7146 3.9977 6.8698 8.3829 8.447 1.4437 1.0696 6.6666 6.085 3.5878 4.796 3.2459 9.9012 9.9682 6.664 1.432 9.5778 5.0808 5.8356 2.293 2.4809 2.5352 8.7016 8.2956 8.2397 5.7805 8.8558 2.5459 4.9215 6.0622 7.8835 6.4736 4.3277 1.0967
1.3674 1.3194 7.3096 8.5236 7.2997 6.2512 6.4643 3.5858 7.4852 1.7591 5.5187 7.3489 1.1651 6.0784 8.767 4.9367 3.1221 9.5207 3.7802 8.5369 7.477 8.8469 5.9608 2.8006 4.0902 1.8982 2.8142 7.5617 7.5173 2.5066 3.3107 5.4488 9.7628 9.7729 9.2881 5.3436 8.4271 6.476 6.6792 6.0076 3.1434 3.8896 2.7875 6.8781 2.3128 4.1716 9.742 4.3493 5.8486 1.6852 8.6701 8.694 8.3099 8.2196 1.1843 7.5201 3.9275 9.3931 9.247 1.8005
6.7483 4.3278 1.1997 9.6858 3.1528 2.8085 1.844 7.5461 1.8973 9.7593 2.4126 8.6031 4.948 8.0997 9.0313 9.5981 5.9625 7.0248 6.629 2.086 6.3029 1.7045 2.2783 4.4039 8.4998 9.5387 2.6497 4.847 2.3092 2.3637 7.2205 4.6757 1.9924 7.0144 8.8596 1.6827 2.8039 2.7504 7.8062 3.335 5.1822 9.1371 8.026 3.4487 6.9763 1.3668 6.3207 1.2965 2.6326 8.0749 7.6302 9.6367 3.1233 4.5926 1.7555 4.5387 4.2187 9.008 2.062 5.4502
5.4015 7.243 8.6208 8.6782 6.5998 7.6341 6.656 2.1234 4.7648 8.532 3.0519 4.5068 4.3828 6.3277 3.25 7.7389 7.9644 8.1561 2.1829 4.8896 6.9554 1.2734 5.2313 4.6728 6.4232 1.1353 2.5487 8.9112 5.0762 5.3155 2.732 3.7803 8.1983 8.5158 4.8641 3.9407 7.61 6.8846 1.2743 6.6637 4.9992 8.945 6.6712 9.7594 8.0727 7.3119 2.4941 5.1443 9.4205 6.5873 2.6329 9.7148 6.2427 4.6709 3.1883 2.0979 2.052 6.5352 1.3324 4.7752
7.2253 5.5872 3.3699 8.7377 5.8126 3.3622 4.8769 7.8621 7.9733 8.3748 8.436 6.82 1.1589 8.2505 9.0995 3.8712 5.1424 9.5704 6.8633 7.5113 2.5181 9.11 8.5698 2.4772 1.8054 1.0283 8.7467 3.263 6.8482 3.5912 4.1186 5.5743 2.6323 6.4785 4.817 7.7983 5.7356 8.4318 9.6242 4.6954 2.0675 6.7119 3.461 7.9361 8.0043 2.3936 7.5816 2.1223 3.4591 3.668 2.7061 4.6695 6.3005 5.0473 8.4642 6.1082 6.7283 4.7715 1.4545 2.9096
4.48 4.9685 5.6561 9.3145 7.8508 7.2084 4.0109 2.9266 9.6859 9.1739 8.1515 9.1581 1.7976 5.9284 4.1043 3.7484 4.7585 9.8122 4.7245 3.5472 5.2789 8.0154 7.6242 1.862 6.6288 7.2514 1.5246 1.532 9.7255 6.1683 9.6687 5.0013 7.8536 5.6658 3.32 8.9266 7.3477 2.0139 6.2547 5.6592 3.0248 7.9167 3.546 9.9528 8.1106 5.3207 8.1988 6.5978 4.0326 4.5317 9.9682 7.6926 4.9879 6.9916 4.7784 5.2206 7.5408 6.6209 3.9182 8.9904
1.6643 3.4823 3.1843 8.0878 7.2344 3.4942 1.4807 5.8639 7.4147 9.2964 5.4425 9.2264 5.7729 5.3953 3.4535 6.545 4.2099 9.7841 5.7424 4.1349 4.0112 4.0899 4.478 7.0987 8.605 9.7723 5.9021 5.1213 5.2833 9.8854 8.3138 1.9726 4.7674 1.4422 3.3557 8.0703 5.1689 7.1661 6.4128 1.5114 9.485 7.3439 7.8233 7.6983 9.2053 8.4015 6.031 9.7945 3.7691 3.9397 2.6316 4.6235 9.9046 5.9396 6.1291 3.6024 3.7212 3.4945 2.949 7.4212
1.1399 2.6397 4.5518 2.7006 9.29 1.5983 4.7754 8.891 3.8256 2.1404 2.9325 8.0793 4.2123 2.8293 6.7803 3.8178 9.4057 3.328 4.8322 6.0865 3.7436 3.6261 8.8145 4.6053 3.5363 2.5637 2.6586 3.2833 9.6876 5.5718 6.8968 8.0698 5.0246 5.8821 5.0344 2.3772 6.1265 1.2465 3.2852 2.8872 8.3074 7.4491 5.4948 6.2875 8.9645 4.7874 5.3271 8.1271 3.7706 8.7771 8.6567 4.3788 9.0739 1.8401 5.6505 7.6439 9.702 5.0771 4.3864 3.9028
7.2715 9.5299 8.5914 3.2242 5.1113 7.234 2.4188 3.0673 1.4575 8.9169 8.3174 9.0955 4.1147 5.5326 2.0105 6.2001 9.6881 2.8267 6.9505 2.8488 9.6892 6.4301 4.4217 1.267 8.5708 8.727 4.871 8.5991 5.6939 9.0404 6.762 4.8928 5.0299 4.2725 9.125 9.9078 7.6162 8.9388 7.8758 6.2273 3.6207 9.3894 3.9739 3.8446 2.2104 3.837 4.5513 5.7863 9.0892 2.6409 8.9868 3.4025 5.1316 3.8114 1.7176 6.3655 8.8991 5.9619 8.2825 3.2871
8.2412 6.0133 5.4776 1.2343 3.0826 2.0559 6.0464 4.561 3.3308 4.7741 2.7557 8.3255 5.9967 4.1632 5.4543 9.564 2.9436 7.0615 7.2086 2.296 4.0197 3.952 5.0859 7.0422 7.7941 1.9093 8.8028 6.1212 6.538 3.1907 3.0063 8.9588 6.6785 3.3369 1.7511 7.894 2.3885 7.3578 7.3073 8.2774 2.7948 6.1637 4.3016 8.0859 9.1626 8.3843 4.0851 1.995 6.3317 7.4347 2.4656 4.0865 8.6571 3.2868 6.9342 7.6174 1.5874 9.1738 6.0293 5.0258
2.062 2.4189 2.9822 2.322 1.5406 3.3871 5.821 3.9683 2.7559 5.4374 5.9604 4.2021 4.5641 7.6471 9.414 9.415 7.9798 1.357 9.9392 2.6747 9.6588 7.187 4.0853 3.9249 4.167 3.4656 7.775 6.2851 8.1456 3.1618 9.629 9.9623 6.0311 3.0014 2.7857 4.8632 8.7027 2.4495 5.5065 5.4116 1.4212 2.4371 6.6804 1.6426 8.2407 3.3197 2.0773 6.5394 5.5473 3.0193 1.7468 7.5783 4.012 4.8869 2.4636 6.7637 5.3427 5.2136 8.9238 6.1894
7.9292 6.2888 2.955 6.4245 3.9642 2.2049 2.0298 9.4261 3.6516 6.0893 2.7617 2.5311 7.8701 7.3619 9.0575 1.5065 2.8408 9.9162 3.2638 1.5785 5.1356 6.8891 9.2249 6.7338 1.4645 1.6769 8.5377 5.1873 5.9936 4.9182 9.1035 6.9463 8.002 3.5186 3.8996 3.2383 6.1783 7.7569 3.6085 3.6124 7.654 4.3479 9.1983 1.6811 8.6202 8.8317 8.5605 8.2842 6.9191 3.6594 6.4654 8.0382 4.9421 3.7754 4.5212 3.4661 4.61 2.0465 1.8157 4.6907
3.595 3.3905 9.3698 1.488 2.3439 7.9938 4.4323 3.2749 2.1562 6.4874 7.2533 1.9861 5.0648 6.1682 4.6504 7.7681 1.7377 2.1518 4.9758 2.0238 2.8145 6.6269 9.8388 7.8358 2.6839 9.1337 9.1114 1.4073 5.4637 7.9022 3.9969 2.1565 8.9558 8.2438 3.3982 9.7959 6.0582 3.4211 6.3062 3.0112 6.3575 5.4921 6.5448 7.6257 4.13 3.2141 4.2134 7.477 7.03 6.4069 3.1508 6.2539 7.4175 9.1532 4.0956 7.1971 1.7141 4.8191 8.592 6.4976
1.6719 8.0112 9.0369 4.2399 7.413 4.0572 4.1353 7.6011 3.7349 6.3485 9.3045 4.2845 5.7836 1.2677 9.3115 7.3913 6.2681 1.873 7.4316 1.6776 2.3278 2.2944 9.7798 7.1513 9.7231 4.5343 5.9577 5.9246 6.3285 1.9472 3.4162 1.7739 4.0967 7.282 5.7896 6.2105 4.1011 5.161 2.1587 7.3454 5.1592 9.8099 2.7881 8.4237 7.0237 8.2544 6.805 1.6776 2.4369 5.6144 3.5007 9.2562 6.1107 5.6159 3.3249 5.4214 1.9694 5.3562 4.3177 6.4059
4.4143 2.0659 4.5988 1.6662 8.7811 8.6855 1.1683 3.7023 9.0495 8.887 4.7865 4.0658 2.6562 4.9967 2.3731 8.2792 1.5654 7.4665 9.6829 3.1254 3.5805 4.3732 2.5589 7.2928 7.5599 2.453 4.8753 4.0499 1.659 2.3466 8.9286 2.2408 9.0488 9.2005 3.5809 9.4841 3.7366 8.1085 1.2083 7.8006 5.8602 5.1366 5.8903 5.894 4.9363 6.9129 5.8251 1.5706 1.467 8.6528 8.4993 5.2075 8.512 6.9987 3.0935 4.3814 8.298 4.2738 5.48 5.6681
6.6511 9.1903 8.7729 3.1667 3.2071 1.7925 2.1943 5.6555 5.0768 1.0703 4.2305 8.9895 5.7076 9.3321 9.9907 3.5037 9.6085 1.5298 3.18 7.0739 7.1583 3.59 9.9252 3.7045 2.135 8.8882 5.3108 9.7199 5.9061 6.4664 3.4581 8.1182 7.9795 4.0808 7.4954 4.8616 2.0604 4.7527 3.7421 5.0287 9.5072 5.2604 3.6653 5.0115 4.4317 5.6504 3.0644 6.7946 9.3085 4.9512 6.1049 5.3837 9.4736 4.8774 4.2367 2.8994 2.4981 8.1283 3.1878 3.8065
2.8554 2.2786 1.325 1.1544 1.4252 7.6155 6.339 7.1325 1.816 1.9865 7.8025 1.4185 3.8575 8.9374 1.6579 2.1589 9.5439 9.2924 1.2444 7.8156 4.913 2.1501 9.7374 8.8141 7.6279 9.0092 2.8765 2.4893 9.1199 3.1951 4.9181 2.7985 5.2547 2.7365 4.2923 1.4983 6.3142 7.3974 4.6546 7.1856 2.3839 1.0433 6.5632 3.6827 3.7828 9.4387 9.4 1.4716 2.8583 9.2892 4.5398 3.6375 1.1552 5.8932 2.9192 4.0973 2.8882 6.2311 1.5471 3.6634
1.7002 5.0587 4.6126 3.152 5.5113 5.5832 5.5878 6.7558 6.6586 5.797 4.9969 8.893 9.6884 4.335 9.6786 4.1724 5.5191 8.8195 7.4397 3.7234 1.8499 3.6299 4.0063 6.3106 3.1621 1.094 3.8924 3.1056 8.6287 5.6293 9.023 7.7553 6.5767 2.7418 4.1413 3.7201 8.4687 9.585 5.9642 3.9193 4.3439 2.5436 5.0338 2.9298 7.702 5.333 3.6133 9.9142 2.8271 1.823 5.9366 3.351 4.6593 2.2205 2.789 2.5816 8.1859 6.3023 7.6568 3.6082
7.8335 2.6637 1.2789 9.4336 6.4162 2.7629 1.3775 7.3122 9.3154 6.4549 7.0429 6.2559 5.2315 1.6289 1.7273 7.5722 8.0564 8.8001 6.5515 3.5477 9.4313 3.5919 8.5398 3.9257 3.164 3.2512 2.4804 1.8438 5.0379 9.9695 6.2814 4.1416 2.8051 5.3442 5.5057 7.8452 9.1917 9.8382 1.9697 1.7686 7.0595 2.6068 8.4158 6.4507 4.7873 9.4091 9.1682 6.0023 6.2875 7.4873 3.4914 3.8324 8.9828 5.2267 5.0158 2.8464 9.1708 5.9213 4.1744 9.0927
2.2488 7.7549 5.2188 3.0937 7.0393 1.339 3.3507 5.6427 3.3235 2.955 8.1424 1.8632 9.5628 5.7874 2.4648 4.6275 8.3962 3.0035 9.6053 4.1469 7.6606 6.6552 4.4867 5.4477 9.4776 5.3464 9.5058 2.1911 4.5364 3.2142 2.2321 9.9826 2.8834 1.5073 3.3448 1.3734 3.5139 9.5051 4.3632 3.1819 5.184 6.1366 7.7657 8.119 6.8441 9.0316 9.1108 4.4457 5.1163 3.9372 8.1579 2.0183 2.6652 8.8219 4.4606 8.8389 9.1706 4.4052 9.7294 7.6802
4.4615 3.0732 7.7631 3.8296 3.4582 7.0611 8.2396 8.5597 9.5601 4.2965 8.3773 1.3173 5.698 6.7951 6.5767 4.4534 4.699 7.5479 7.82 6.9436 2.2723 1.3694 3.0283 2.8346 3.3522 7.2291 9.116 9.0585 2.6449 4.8493 8.4207 4.7334 6.595 5.217 6.9547 4.7684 7.5912 2.7384 5.0276 6.2533 1.0376 6.7665 8.8068 6.2316 1.0341 6.4772 3.4345 4.6727 8.338 6.8583 1.814 7.6503 4.2374 9.8017 4.9683 3.1496 4.2923 3.1385 9.1203 7.2285
1.4185 3.3492 8.439 3.7891 8.7236 7.7114 4.0147 2.9951 7.4292 1.5302 8.1923 3.1612 4.2098 3.6805 1.5403 2.6689 4.9088 5.1326 9.8524 5.8029 9.7906 3.1412 1.2112 2.0029 2.5837 2.8352 1.0717 3.6935 2.3185 5.2903 2.5437 2.735 3.9884 8.84 7.9098 9.8648 8.1771 3.2901 2.9839 4.1915 1.6638 7.6708 6.2749 6.0317 7.4204 7.9295 6.4328 3.2602 7.6664 1.1407 7.7685 3.9299 8.2001 5.7396 7.1848 7.3611 9.0929 5.5166 8.3432 1.7869
5.4411 9.4088 6.3366 2.1542 8.4582 6.2491 7.2936 1.7131 4.5069 4.638 9.638 4.7832 5.8647 5.6011 4.9081 8.0439 1.8533 1.12 6.8909 4.974 1.3508 9.7832 8.9279 2.9023 4.6555 3.6563 8.4703 9.146 7.4611 7.6921 3.0831 8.6209 8.8468 6.07 3.7824 8.5835 7.7669 3.0609 5.7051 4.0137 3.1628 8.9508 4.6479 1.7785 6.7553 8.5962 8.435 8.5485 2.5606 1.8131 2.1895 1.4569 4.8943 4.8986 8.1992 2.6742 7.6406 7.9605 4.2378 9.855
8.2959 7.9066 5.0719 5.4077 6.2688 6.2493 6.6191 3.5439 7.1197 4.905 7.5987 3.136 1.0966 1.5443 6.3859 4.2079 3.9037 2.1311 6.1642 2.3217 8.2376 3.1508 5.2799 3.3523 3.813 5.7655 8.3207 1.3397 1.4178 1.3184 6.2558 6.3614 5.2249 4.7157 8.6681 1.5787 7.037 2.1081 2.8832 4.9059 8.2054 8.1061 2.9439 4.3643 8.0606 1.4858 4.1577 5.8198 5.8438 9.62 2.8237 2.3941 9.6344 2.8229 9.6887 4.4756 7.333 7.0836 6.4991 7.0728
2.4922 6.3969 7.6175 6.3218 1.457 1.1362 7.8288 4.883 6.1674 8.8838 8.5692 8.9221 1.5633 5.2375 2.9993 6.4539 6.9444 7.0913 1.6371 8.5613 9.3261 5.6527 9.5402 3.564 1.9464 7.9374 2.2835 6.5554 5.2406 8.1905 9.6635 2.1427 5.6289 7.8482 5.0184 7.1034 7.7671 3.9423 8.9306 6.6533 4.705 4.6932 5.093 9.7202 3.9681 6.8494 4.5972 2.0146 4.7206 9.2962 8.4314 5.964 6.2214 9.9311 3.3122 5.0005 6.755 3.661 6.7899 9.5848
8.027 8.5602 9.4152 3.6343 3.3183 5.3383 6.4123 7.8435 2.6857 7.4973 1.3138 3.9119 9.7983 8.5074 1.7455 2.9813 1.4071 8.4812 6.9675 5.4278 6.7436 2.1512 6.0784 3.0594 7.0002 1.3404 3.4981 8.4165 4.228 3.8606 3.7506 8.6746 1.619 2.0506 3.816 1.8411 5.4478 5.1029 4.2716 4.0153 6.7027 6.1952 2.7552 8.3481 4.4884 8.1443 9.4275 5.2858 8.4053 4.2524 3.4612 3.3868 1.7662 4.7345 2.062 3.8478 4.0408 5.2299 8.7713 9.4003
3.5047 9.1197 8.169 6.6014 1.9109 8.624 1.946 2.3032 8.6847 7.6859 2.0928 2.8635 8.7953 9.9346 8.7642 1.2916 2.7918 7.6858 9.575 1.9405 2.2084 7.879 6.5869 7.0369 7.2998 5.003 8.0946 7.5624 4.8861 8.202 2.3963 6.8213 7.9499 9.1291 4.5021 8.7838 6.6769 4.8152 6.5685 4.4679 9.8141 4.2581 5.0795 6.5001 6.1964 3.4945 6.6732 7.5075 7.9786 2.5724 9.1573 1.0222 9.4723 3.0268 5.4226 4.6888 6.2456 4.0769 8.1864 8.2205
9.8289 1.152 9.6956 2.5291 5.1629 4.159 7.9987 5.5052 9.836 5.768 7.7644 6.2819 3.5553 7.1931 9.373 5.7537 9.2486 6.528 2.2241 7.2678 3.2277 3.5655 7.3613 3.5612 2.9257 3.0166 6.0381 9.5095 6.9551 1.7652 8.6438 4.7717 2.861 3.4998 1.1668 7.1769 5.3873 8.3391 1.882 8.1592 8.4167 9.5675 6.8312 8.2225 8.7962 7.7748 6.3955 6.5686 1.9816 4.1537 6.6233 3.1258 3.2945 5.7433 1.62 8.9095 8.7208 8.8341 8.4706 8.5559
2.3229 7.2097 8.3736 8.4927 4.7608 2.3555 6.8199 8.1421 8.414 2.5331 2.8152 2.2574 9.7811 5.7479 4.6062 6.054 4.8888 3.7793 5.512 4.596 2.5764 6.7329 5.9079 9.4417 4.8391 8.3985 6.5503 7.2954 2.9084 2.6024 2.7679 6.3205 1.7269 2.2835 3.1995 6.9787 9.131 8.9585 4.6545 7.4481 1.622 2.0001 8.4284 9.7575 4.268 3.6299 7.3142 7.8932 1.0372 3.2886 8.7185 8.715 3.8667 3.5337 7.7136 1.8127 3.8773 4.4792 4.0989 7.9666
2.4426 8.5875 4.0513 7.6367 7.8717 5.8821 6.6188 6.086 2.0453 2.332 5.5497 3.6634 3.1125 8.3873 6.0056 2.3487 6.6192 6.6856 6.6009 1.4119 8.9173 4.0988 3.7175 2.1999 3.7778 8.5208 2.017 3.758 4.2368 9.4427 3.9273 3.319 1.3749 4.6226 1.7276 7.1545 5.6661 5.0808 9.8819 4.9002 3.846 6.7814 2.6887 8.6845 7.1271 3.4755 9.9797 9.8838 3.79 1.3689 5.849 6.8859 7.4448 4.5817 5.7551 4.9661 6.3163 1.5523 5.2753 6.8279
2.1194 8.1615 5.4293 4.4686 7.4155 1.8105 9.6261 1.1817 6.0379 7.1873 4.2972 8.4891 9.4981 9.0444 3.7215 1.0285 2.0843 3.1476 4.2873 1.7451 5.8193 3.0729 7.5815 4.8047 5.1538 1.8076 2.5335 9.8451 4.1154 5.8683 2.7024 4.3229 4.8905 8.5213 2.2893 3.3048 4.7056 6.853 7.5938 2.8596 5.0056 6.2406 1.5685 5.2617 5.6719 1.1203 8.7649 1.2765 1.3102 9.9953 5.3522 3.5942 6.0107 4.1961 4.502 3.8882 5.2975 1.8766 9.5187 5.4778
1.179 9.8149 9.3155 5.4799 5.2817 7.5667 6.1858 4.9485 4.1726 2.268 9.215 1.8783 7.7126 2.004 8.3513 1.7502 9.9835 3.5777 5.6714 3.4625 6.3141 7.8394 5.662 3.9423 6.0227 9.3475 4.8766 2.4682 6.2971 8.2693 9.3639 7.6733 9.1704 9.5399 5.8011 6.2904 2.4979 4.9776 8.8321 1.6192 7.1436 5.1393 2.5558 4.5884 4.3319 5.6669 7.1376 8.5046 3.7468 8.8869 9.079 1.5552 4.3497 4.1484 4.8872 7.0274 5.9424 8.3761 7.894 5.5558
7.8091 1.3056 2.7386 5.9874 1.661 7.6151 3.2278 9.5058 8.5573 2.1614 6.0539 3.4992 7.4588 7.5894 6.3573 8.6276 4.6522 7.5012 6.7936 2.3163 7.2025 6.0672 7.7196 9.1969 4.5799 6.2199 7.052 8.0461 6.3151 2.5534 3.8747 6.7949 3.5198 6.3777 1.2246 2.86 6.5695 1.6991 3.0193 3.1208 5.5665 8.4042 7.3416 3.3625 6.8677 9.221 6.3616 2.4801 5.356 5.7841 7.561 9.7701 2.6351 9.7776 3.1125 3.9021 7.1691 7.6777 5.5427 8.1084
9.4249 6.6374 6.8831 2.4908 2.3767 2.2196 9.7113 8.8221 9.5684 3.9573 3.436 6.1638 9.3665 4.5597 2.4926 6.869 4.1509 9.1538 1.1716 5.3854 8.2323 3.2713 3.7141 2.282 5.9313 3.441 2.5696 9.2054 3.1247 4.7641 7.6879 8.0733 7.3714 8.7632 5.2041 2.1529 2.4832 9.6176 6.2123 9.8482 2.561 3.1181 2.7405 8.2657 7.6452 4.0438 6.2079 8.7991 6.8937 5.9684 9.8635 9.708 5.6593 5.2809 7.216 7.2493 7.7333 9.1616 4.6987 7.5553
7.3048 9.6358 7.1806 7.0901 4.4635 1.0971 7.5183 3.4575 6.8817 2.4486 7.6484 9.7519 5.7207 8.4254 6.141 1.4936 8.473 4.4431 1.9001 5.132 7.3292 7.8742 8.5986 4.8046 5.0472 6.815 7.9541 3.1749 9.9693 7.258 4.4226 5.0699 1.5147 9.5753 4.5922 7.9192 2.8323 8.6447 4.0101 6.6356 1.6077 1.1039 1.2083 6.3578 4.7934 3.4728 4.542 9.7856 7.6306 8.6064 4.1215 3.9498 4.1819 7.9985 3.9911 6.8933 6.5344 6.9025 9.5593 3.5642
3.0655 9.0864 3.3137 2.8733 4.6929 4.8778 6.4727 9.2684 4.8902 9.4869 5.3218 7.0391 9.7278 3.0843 2.0654 3.3481 5.8511 3.2028 1.1432 1.7227 5.2576 7.1002 8.9592 8.8987 4.0282 1.8181 1.1357 3.7117 8.258 4.9085 4.0846 2.5108 3.2453 6.9933 3.4504 9.3888 4.0008 2.1191 5.5136 8.7356 2.5827 9.0487 5.4877 9.7201 3.9697 8.6864 1.735 5.0452 7.1776 6.3666 8.2806 9.2862 8.2347 6.9489 1.5374 2.2554 2.3805 8.0989 4.3008 3.6317
4.8618 9.7341 5.846 1.4353 2.0034 4.156 5.063 6.188 8.9857 7.6132 3.4925 4.9895 8.4737 6.4332 7.9464 1.1495 6.235 4.4938 3.6369 8.5508 7.2754 1.2549 4.6927 1.4572 4.283 4.8615 6.2076 6.9722 7.0963 6.4924 1.6637 8.8745 8.9139 3.7655 3.6826 9.9431 9.6554 4.2955 7.0423 3.8698 2.6563 4.7011 2.6458 4.7547 9.5091 8.7437 6.4381 3.9534 3.6669 7.7031 6.4914 6.4769 3.5635 4.9088 8.134 9.554 4.4591 8.1609 3.34 7.5699
2.122 4.7071 1.8308 5.9956 3.5062 2.6669 6.8068 8.8263 8.4827 7.757 1.011 6.0027 6.4013 6.8106 5.1127 5.1807 3.0891 1.0703 2.1636 6.0694 9.5444 9.2794 9.8665 7.141 1.8677 4.2348 8.642 8.0472 8.3613 6.9714 2.8938 8.0344 2.4692 3.2998 5.6365 8.9587 4.4928 9.8571 5.6879 9.1623 1.4444 3.0391 2.7214 8.9502 2.8484 8.9353 1.0108 3.4788 4.2708 6.9251 1.8285 7.2925 9.056 9.3328 9.4666 1.8381 5.4504 8.8163 2.3081 3.6719
7.9989 4.8298 3.9296 8.1719 1.9737 7.4059 9.8018 4.6822 3.1867 8.6908 5.5238 1.519 4.2726 4.3608 7.9945 8.7801 4.2197 3.8193 7.9729 7.5408 8.4111 1.8768 6.318 3.7061 4.0743 1.5713 1.943 6.6814 5.756 6.1575 2.0425 1.8546 3.4003 9.1454 4.8215 6.2109 3.6542 5.8946 2.7363 8.233 7.7543 1.7992 9.8994 4.9784 2.0023 7.4419 3.3605 5.6147 6.1254 4.747 3.9747 6.6749 1.8415 9.9463 3.5952 5.2331 4.4258 4.6853 5.2314 2.1796
1.2477 2.8383 3.0622 7.9226 4.6843 3.3203 1.3703 6.5921 3.0179 6.1449 3.0335 5.045 3.1341 7.3749 4.9499 8.7021 3.9698 2.4806 8.5111 8.9684 5.508 3.0437 1.1637 1.0194 7.983 4.7826 5.433 2.2373 4.0751 2.4126 2.7607 2.6455 9.4228 5.9965 9.506 8.5946 6.7814 4.8877 9.2094 6.344 6.0744 3.1992 3.0969 6.02 3.7477 3.7822 7.9823 3.2455 4.3282 7.4339 8.0578 6.2023 4.0205 3.3236 9.8862 3.6974 7.0868 3.8887 3.4981 7.2928
8.8752 2.0405 4.4574 4.3292 6.3932 7.3819 5.3144 1.7308 6.2655 5.0518 1.9741 6.7374 1.257 4.5653 4.9668 9.0875 6.9771 1.2338 1.8428 2.8619 9.312 2.6734 3.103 6.6367 5.4472 8.9886 7.2258 2.286 3.4605 6.303 2.7693 7.7507 9.2072 5.5128 7.2104 6.9304 2.4834 3.6961 4.6845 8.4439 7.2596 9.1755 1.7995 3.5147 5.54 6.4361 1.3822 9.5875 8.2727 6.6089 9.7868 4.8222 4.8952 2.7401 8.1187 5.4719 8.3996 5.8221 1.4537 7.1039
9.0581 3.3342 9.2507 3.7237 4.6206 8.2743 8.829 4.0077 7.3805 5.0524 9.1514 7.4678 9.558 1.9984 1.4424 3.7813 8.9852 4.4856 2.059 5.021 3.255 6.3164 9.8041 9.0491 4.924 6.3604 6.5132 4.6087 2.0092 3.3896 1.2546 7.8416 6.9544 9.2399 7.5739 5.2343 7.2006 5.6229 5.4713 5.2416 4.0658 4.3359 2.3649 1.4295 9.7154 6.1395 6.1444 4.5843 2.5419 6.0183 1.9168 9.7401 2.2902 6.0837 4.4607 4.3415 3.0731 4.9057 2.5789 3.7561
2.1468 9.0882 3.6943 3.5124 8.0606 6.4613 1.9794 7.52 5.3002 5.6096 3.1653 6.5698 9.6979 5.8615 3.5846 2.1396 3.0667 2.7203 1.3368 2.5279 3.0751 1.2483 1.405 5.0531 4.804 5.7009 8.7253 4.1994 4.6496 2.759 6.8706 9.1108 5.1501 3.0471 7.4348 7.8238 8.6879 4.2141 1.9125 9.7814 8.0405 4.4362 5.499 1.2255 6.6842 5.1387 2.1086 8.1856 5.8595 5.0262 9.2382 3.8991 4.6988 5.2987 5.7799 5.3823 4.279 4.823 2.26 5.6076
5.7051 7.5299 3.7028 3.0535 4.3342 4.6067 2.8383 4.0972 6.1567 9.8896 3.2017 6.4291 1.1024 2.182 3.2683 9.4701 9.2335 3.5151 1.2285 4.4088 8.2092 7.2091 7.6274 4.8875 6.6687 2.5582 4.2606 4.5334 4.2986 4.5469 9.4202 6.5757 1.3871 4.8236 5.9966 9.5781 6.6624 1.8017 5.6852 6.558 3.7985 5.1085 3.9729 4.5547 3.7056 7.1298 6.8148 5.0438 8.9328 5.0078 4.8544 1.8698 1.1179 8.7755 3.8016 2.1807 9.5394 8.2215 2.3635 5.8881
2.2873 9.1873 3.2618 7.0323 8.6423 1.5777 1.5706 6.7181 9.7486 5.3363 5.7109 2.2963 5.861 5.11 2.1074 7.8239 4.0381 5.7658 8.0858 5.4399 5.6807 5.3348 4.8744 4.9443 1.2703 6.2473 5.8318 7.2791 7.2615 4.5922 4.6998 9.0456 3.0908 4.1077 4.9218 6.7765 7.7026 9.6569 8.955 2.6745 2.7238 9.0384 6.8663 2.971 2.7841 6.1099 8.6966 2.1739 6.605 2.814 4.4933 7.3302 6.9542 1.649 8.967 2.2593 9.8877 6.1287 7.7156 8.7389
5.5689 7.7555 8.2004 8.9109 5.4101 2.953 8.0656 4.6971 9.9918 2.7275 1.1336 4.392 6.657 2.1396 6.9579 6.8635 4.5667 8.9706 9.7707 3.9413 9.8621 2.9689 7.4987 7.7447 7.1108 2.5309 4.7922 2.5029 7.6915 5.684 5.5553 8.7452 6.4928 5.5003 2.0325 9.1239 7.4028 3.8789 4.7465 5.4923 1.594 6.4159 8.1558 2.1936 3.0711 2.8151 5.5102 3.647 1.843 6.7511 2.0249 1.6507 5.1775 5.292 4.5009 5.7147 7.7142 9.083 6.7357 1.1861
5.1859 4.0838 5.5021 3.8036 2.3399 9.1842 2.5876 5.4312 5.5934 2.7577 1.6764 6.2023 8.5221 3.9589 8.9774 1.1015 9.6167 7.2707 1.3451 3.1451 7.7678 4.0966 5.0077 5.0356 6.0528 3.9589 4.062 1.0733 3.495 1.0126 6.3189 1.8712 8.4282 5.2762 3.2678 1.934 1.1418 1.6436 4.9157 8.0652 2.3636 3.0269 4.7976 3.8139 8.1846 6.2037 7.3741 1.2008 8.3213 4.0751 7.7087 6.216 6.6758 5.999 3.7281 5.6478 6.6867 1.3489 6.4122 1.2011
8.8713 3.9128 7.6088 6.1676 1.1562 7.1113 3.3266 8.1216 4.9592 4.9347 9.3608 6.2851 7.5399 8.2199 1.0988 2.6381 2.1 1.9679 8.1063 4.8082 7.9826 1.2041 6.943 9.7585 6.2242 9.9242 7.0412 7.8736 1.3285 7.2464 3.1724 1.9958 7.0679 5.769 9.8459 7.0986 2.8102 2.5624 3.3144 3.5746 6.4593 7.0622 5.1465 9.1382 8.1578 6.42 2.4266 2.4076 2.3739 4.4714 6.5192 2.4952 7.1134 9.5007 3.4478 3.1803 8.4236 7.3764 7.2493 2.431
9.1607 4.4819 6.8712 7.0454 2.3884 7.9354 2.5292 2.1765 4.9185 5.3089 9.7906 3.6726 3.1993 2.3679 1.6384 5.7727 6.1403 7.1062 2.6753 3.4388 2.5874 9.22 2.3545 3.1841 4.7213 9.715 8.0129 1.8694 6.003 3.2957 5.8966 4.4723 7.7875 5.6357 4.9783 1.8172 7.5497 8.342 4.2255 6.674 6.4992 8.1339 4.6908 1.2454 2.6162 9.2767 1.0169 9.9042 2.2802 8.3864 5.4881 1.5523 7.2404 3.9666 2.2335 3.6251 3.7514 7.5881 5.9284 7.6519
5.2654 3.0217 6.9569 2.0951 4.6831 7.1754 9.4624 9.247 8.8204 3.9465 1.8961 8.0062 8.6848 7.2729 8.7405 3.0821 1.7032 6.2716 3.2453 3.5329 7.2083 2.8939 8.9332 4.3634 4.8207 6.5813 3.5247 2.4293 8.8496 5.3652 6.5124 4.36 2.6567 9.5541 8.503 3.0161 7.7502 8.0434 5.3097 6.7987 9.188 1.8793 2.6421 7.6867 5.7949 3.0427 5.7124 2.146 5.1179 6.5161 6.0656 4.3593 5.0274 8.5017 7.705 7.7851 9.746 4.326 5.1421 2.1229
8.1855 3.3899 2.0134 2.0556 3.8365 9.4762 4.3185 5.0569 7.503 5.1473 6.0504 3.6087 1.7293 2.221 4.9843 2.1806 5.7184 9.2268 2.3696 1.0332 6.0366 3.1169 9.3069 1.1361 5.7306 2.9126 9.3523 6.7977 1.9877 2.9396 5.0913 2.9989 1.0471 3.0996 3.4262 2.465 5.4936 1.3697 6.9877 8.2105 7.5166 7.086 9.1043 3.443 5.7512 9.6859 3.1522 4.102 7.3653 7.2957 5.8015 2.2206 7.1565 6.7392 5.3198 9.1854 4.0349 3.504 2.1827 5.8633
5.8805 2.5964 2.3146 2.6424 2.0098 8.4521 2.9031 4.5059 7.8654 1.3121 7.4032 7.8673 1.7579 5.1163 7.8196 5.0122 6.9463 2.0952 6.8915 8.4023 8.5377 5.4979 4.8501 2.2578 8.5151 2.0044 2.9044 7.187 4.6881 4.0944 4.9448 8.1913 7.4772 3.7135 1.0277 8.2894 1.3001 3.6317 1.3525 7.6303 2.4812 4.9419 4.0237 5.7345 6.9505 2.487 9.1202 3.0286 7.5549 1.315 9.7589 2.1732 4.5041 3.2012 2.9021 9.5062 9.0624 8.3366 9.8273 6.3236
3.5399 1.3519 5.817 4.8241 2.3912 9.3299 1.9849 3.0244 4.0688 4.3761 1.731 3.4737 9.6052 9.6465 9.3868 8.7942 2.3327 5.7156 5.7647 5.7126 6.7757 3.4468 1.5797 4.5745 3.3747 2.4101 3.6137 6.6853 5.4099 7.6749 6.2701 4.4212 3.5028 3.8653 6.2057 8.3378 4.6979 3.1583 3.9819 8.7923 7.864 2.8304 1.6245 7.2008 7.9605 9.8438 1.4704 8.2612 5.6088 6.4485 8.9176 1.6731 7.1608 6.6099 7.9243 2.7168 9.0897 9.9914 3.4058 8.3786
3.1263 8.0265 6.2686 2.0058 5.8464 1.732 6.5338 2.5895 8.299 6.3905 9.6131 4.6962 1.6024 3.4543 3.8949 7.137 4.2283 3.5177 1.4673 8.0283 3.759 4.8867 2.3276 9.4058 5.8362 6.0902 8.6105 1.4397 8.7869 1.7366 6.2267 7.9419 2.6541 8.5478 1.1128 2.8386 8.4197 1.6722 5.7554 8.2528 1.5397 4.1766 5.3003 5.5818 2.7393 5.8021 6.8081 7.2144 4.4911 9.0524 2.8693 6.4794 2.8723 4.1974 3.5792 1.0105 8.8562 9.4621 7.7163 8.0151
9.3825 5.3438 9.896 3.2204 8.3311 9.4584 8.2147 5.4842 8.2602 9.685 4.4773 9.4167 3.6985 5.4257 8.88 3.3573 1.6377 6.483 1.4746 1.0633 3.8037 9.8437 1.4926 8.4969 2.2354 3.5869 8.4216 5.6642 3.9331 1.9965 3.0958 1.9541 6.6248 7.9443 8.4266 3.3166 6.7577 2.9758 1.8252 8.4715 5.9704 2.3188 4.3537 5.4705 5.6647 5.7834 4.856 4.2826 2.1892 8.9995 1.1885 2.2464 1.338 6.9944 4.1098 2.5476 6.1753 5.6971 2.3326 6.6897
2.8725 4.1533 5.7986 5.3841 6.0437 1.7356 9.4673 7.2693 7.7224 3.2876 7.6726 7.1152 6.2382 4.9534 8.9128 6.0997 2.0038 6.1197 4.1576 5.0777 1.6791 7.2043 4.5652 1.8345 1.7096 4.9125 7.4026 4.3131 5.9571 6.3013 5.2091 4.6729 7.8915 7.8888 4.9452 8.1684 8.7173 1.5346 9.0429 1.3449 3.4299 3.3386 4.6201 8.0705 6.1711 9.3458 8.8792 4.95 6.5002 2.0358 2.4358 3.5195 5.1462 9.9758 1.0449 3.9067 5.1986 9.8403 3.2227 5.3384
9.5893 5.9991 2.8844 3.2902 9.849 4.1931 1.9979 7.2575 2.922 5.4306 2.9896 4.1623 1.5423 2.3458 3.81 1.8506 9.3106 5.377 4.1909 9.5742 9.6439 7.4396 5.2767 3.6259 9.665 9.6828 1.0685 9.5437 4.0033 7.4865 8.0312 1.7589 4.3469 4.186 3.1099 6.6426 7.1211 3.44 3.1648 9.7035 6.9004 8.7671 4.7955 6.6005 8.2217 5.9102 7.6203 6.7264 2.2995 5.2672 1.2034 6.1816 2.6045 3.1856 5.3354 5.1089 8.8324 2.8361 3.7739 8.0287
8.4448 7.4523 5.8186 5.984 2.7235 7.7683 1.9605 6.2702 8.0492 5.0059 5.8196 8.7979 3.1602 1.3621 7.0708 3.9996 1.1438 4.9148 3.1416 1.5865 8.4442 2.438 9.6854 6.4295 3.1236 5.0281 2.6716 3.4005 1.1873 2.1434 8.7833 8.2145 6.1488 5.1504 7.5281 3.3466 9.0332 4.1358 8.0458 2.4894 7.5255 7.2731 6.0583 5.8907 3.9921 1.0048 4.0886 1.4352 1.1685 1.6961 9.0459 3.3204 1.0234 4.1734 7.0665 6.693 5.89 4.4882 9.6636 3.0771
60
2.5021 1.3044 5.0906 8.7271 8.1325 4.0853 3.3932 1.2246 9.4848 6.4081 2.801 9.0447 3.39 5.1669 4.0136 9.3812 4.9242 7.3932 3.734 7.8234 9.3593 2.5395 9.641 6.4383 4.0548 9.8205 3.9428 2.9608 5.4176 4.5936 6.6179 3.1082 9.6995 4.7851 8.3157 9.5335 4.0841 7.5269 1.1331 6.8771 3.8628 4.8612 5.4522 9.1455 2.5315 3.0321 6.1279 4.2371 5.3805 6.4508 1.6747 4.5154 2.8836 2.7017 6.9076 7.9268 7.147 4.082 3.7728 3.068
9.5667 3.7089 9.6651 2.5273 8.3617 1.9725 6.1279 9.5678 6.3922 6.8331 7.6615 6.025 6.6562 9.7384 3.1932 3.5254 6.6148 4.4097 1.9085 2.3835 7.775 5.0786 5.7709 2.0828 5.9077 5.6104 9.4858 3.1526 9.7628 8.0579 7.32 8.0635 3.6934 5.1579 3.1669 1.3105 1.2721 6.1533 7.988 7.7061 8.7618 3.9193 9.5557 2.5582 1.4387 3.0086 9.1829 6.8019 9.6713 8.1174 4.4854 7.3589 1.21 4.0675 1.4529 7.5092 6.7697 6.4408 4.386 7.6216
8.6759 9.6902 4.2591 3.8971 7.3231 7.1151 2.0732 7.6503 4.5863 7.6791 3.186 1.6276 6.7987 8.7355 4.9868 9.7754 5.367 3.7171 3.9057 1.9553 1.2365 8.5545 5.0171 3.5958 9.25 2.4546 2.5776 9.808 2.6998 5.3684 3.0113 3.22 1.6595 9.1055 5.3157 9.4211 5.2054 7.5503 8.9931 9.6304 1.5326 3.1945 4.9658 5.7847 8.295 3.6572 6.6635 2.5496 4.1953 3.8968 8.6369 9.8923 7.527 8.5833 5.5359 4.0301 8.1223 1.0209 1.103 9.8049
4.7933 5.904 8.4128 7.7892 5.2983 5.6746 1.3505 8.3928 7.8564 5.4368 2.4779 9.9039 7.1774 7.703 7.1357 3.4729 7.4232 2.3976 2.0217 7.2839 6.2641 5.3785 2.4075 9.9539 8.7273 4.8908 4.5038 8.0915 9.6177 7.1818 2.7229 8.3358 6.2429 1.5988 4.7696 6.8695 6.5832 5.0888 9.5901 7.4402 8.5765 8.7553 9.6783 9.406 3.076 7.4501 4.7126 2.7928 6.0099 8.185 2.4735 7.2565 5.1104 3.0596 3.3501 7.0825 3.9584 8.148 6.6492 3.2634
7.3224 8.8003 5.0698 2.6345 5.8903 7.3501 1.8617 1.1565 3.395 8.8397 7.573 6.8029 1.5238 9.6408 6.5599 2.7799 2.2585 9.9988 3.1986 8.5065 6.8949 1.5916 2.4802 5.3399 3.8967 3.0436 8.2543 2.4308 1.6982 1.3855 6.7642 1.5948 8.9088 8.5399 4.1112 1.6636 4.4063 4.3176 8.8823 8.3568 3.5481 7.0895 6.2376 4.4617 9.9452 6.6947 1.9313 9.9636 8.2855 4.9151 5.6725 1.3929 5.4557 9.4789 1.4552 7.311 8.3548 9.2962 4.591 5.5413
5.9922 3.9325 1.9455 3.6038 6.3236 6.3852 2.5789 1.8784 3.955 7.1268 1.7711 3.9325 6.2331 6.7959 7.977 1.448 8.6766 7.104 2.3699 8.588 7.4778 4.5076 2.8028 5.2061 1.8483 3.3761 8.2123 2.4893 2.7547 9.682 8.7833 3.8187 5.5597 5.0123 5.0886 1.4583 7.7335 5.3243 1.6588 4.0403 4.9293 2.3259 7.8795 6.1547 8.0056 4.5452 3.6047 4.9927 8.9589 2.6274 9.4883 4.492 1.8061 1.7107 3.3531 2.8221 6.8451 7.0604 7.5891 1.2104
1.9412 1.2858 6.4084 2.0456 4.0311 3.9953 9.9421 2.4387 5.5558 5.9164 7.4573 9.2457 3.2621 3.4935 1.2706 3.8384 8.6484 1.9895 8.4534 8.5608 5.9518 2.8639 6.6517 9.0833 5.2205 1.2268 4.3691 9.4013 8.0176 5.413 6.8462 9.0814 4.1965 5.8847 1.452 9.2573 5.4076 1.2316 9.1177 5.3799 4.1862 1.8071 8.3202 7.678 8.4724 4.8933 2.2602 4.5611 8.7799 9.1611 1.7768 7.1625 2.4433 9.2014 9.0723 5.5288 2.4934 1.4357 9.6185 6.0224
2.4581 7.973 4.3081 5.1847 7.3845 9.8965 5.5332 8.7928 4.3101 1.9511 1.9378 8.6398 9.2843 6.604 2.9916 9.4242 2.6964 3.0345 6.1116 3.335 7.4963 5.3163 3.6331 6.895 3.0189 7.1004 8.9737 2.1268 8.3815 4.6764 4.6438 1.3346 9.1772 1.9527 6.2949 1.763 9.257 7.2264 7.7914 6.507 8.1633 1.2289 5.8829 6.1515 5.4314 5.8503 5.6615 5.7428 5.2908 8.8349 6.2907 6.4749 7.2511 1.2956 8.0184 3.2957 7.9228 1.1058 7.0957 1.9864
6.7047 3.0416 1.9932 8.7279 6.2097 6.321 5.4865 3.2281 4.3909 2.2659 3.4616 8.5278 2.0648 3.2417 8.794 4.2224 1.6653 4.8722 9.7545 1.7105 4.3619 8.0625 6.1149 8.901 2.6723 9.2151 2.544 9.9111 9.3402 8.795 9.3727 5.198 4.8126 3.5026 8.5628 8.8446 7.0175 4.4751 8.5166 1.6716 7.8326 9.1883 8.4663 4.4669 4.5353 7.723 9.838 5.8491 9.6819 7.8628 5.3719 8.4854 6.2629 7.0882 7.6681 4.2667 9.116 8.2821 7.2022 4.4514
5.9334 6.027 6.285 3.5457 4.8701 9.3023 7.2267 8.5438 3.1863 9.4648 2.3449 1.6909 4.6651 3.846 6.2052 5.8288 9.441 9.9647 2.5134 5.2411 9.2789 6.126 3.5145 9.3316 9.9109 7.1826 1.4808 2.9615 6.9647 3.8352 8.224 8.5207 6.5838 8.9386 8.4098 9.2717 5.8219 5.8502 8.2709 9.7453 4.0592 7.0419 2.4783 5.0377 4.0494 4.0736 3.5505 5.9801 1.0566 7.9045 3.1289 8.1071 6.5646 9.0535 8.0705 9.5846 2.7476 9.5255 2.4806 3.0096
4.6467 3.3529 7.7553 2.9219 3.5441 1.6196 4.0104 9.7475 3.9257 3.0538 2.1789 4.3363 8.1816 9.7929 4.0634 5.7281 8.2414 8.4968 3.1499 4.5068 7.2015 7.1374 9.0246 8.364 3.2926 1.7456 1.2069 2.9916 5.0594 2.571 7.1606 7.8763 2.4762 5.7555 1.5366 1.3388 4.6344 1.5424 7.6389 7.8995 8.8617 1.9801 5.3388 3.4033 6.8813 4.5314 3.6833 8.4676 8.2538 4.2157 4.3631 6.6605 2.7202 7.4326 9.8449 3.6791 4.4544 9.534 5.4253 7.1056
9.2485 3.7663 2.5886 6.4076 1.3699 8.7128 6.9773 6.5882 5.4067 5.1647 4.9859 7.2942 4.7052 4.1316 5.2248 6.4184 8.238 1.4802 3.9662 3.8094 3.592 6.5343 7.1558 8.593 9.3547 6.5914 7.6037 8.0886 1.4961 3.1667 2.2692 8.2999 1.4707 1.2029 7.1741 8.2671 6.521 2.9435 2.6163 3.9587 5.9699 6.5675 9.8205 4.2824 3.1981 3.9693 4.0715 4.2546 3.2952 2.2135 1.2179 4.8658 2.3754 8.4864 4.5883 6.8966 9.4837 3.6607 4.9447 6.8209
4.3414 2.7457 4.1269 6.9758 1.5958 3.7376 2.2495 4.8122 4.7552 7.063 6.6912 5.7228 4.4404 2.7721 4.4627 3.4484 2.2931 4.5579 6.6414 8.5082 7.0596 4.5222 4.7076 2.4109 2.6254 7.6748 1.3521 4.1542 1.2023 6.6324 4.2728 6.4157 6.0793 6.6793 2.1423 5.3152 9.591 7.4461 6.986 7.7855 2.0946 1.9761 8.74 9.4207 7.7248 9.6116 9.0221 5.192 2.0736 6.6974 3.1076 3.594 7.1563 5.7156 1.7621 7.1076 3.674 8.3775 4.9577 7.7562
3.9401 1.9467 9.2062 8.2354 3.8206 7.0721 9.115 5.9645 9.1051 9.2549 6.8606 3.147 3.7552 7.5719 8.2038 9.153 5.8727 2.5634 3.9068 7.7188 7.723 6.9808 9.9587 1.4351 9.6757 3.5395 4.2136 3.7482 1.8725 3.0223 2.7394 2.6192 7.2557 7.9263 1.5986 7.0546 8.2091 8.7777 7.572 9.6406 3.6873 8.1877 9.0799 7.2305 1.5503 4.5638 6.6531 7.5744 3.7381 6.3251 5.7552 3.6603 7.0093 1.4184 5.0221 9.2812 8.7758 2.6911 6.0646 7.0919
9.8304 5.0644 7.6919 4.064 4.222 4.5435 2.4581 8.9133 8.2993 2.0554 8.9913 2.1905 1.7098 9.5991 5.9215 4.6357 9.951 7.7045 9.4222 4.9143 6.6313 6.3652 2.6011 9.6476 8.9012 6.2235 9.7473 1.947 4.8933 3.6282 8.731 9.7161 6.2541 3.1904 1.121 5.8547 8.8186 9.0454 5.6443 4.1388 7.2686 1.7112 8.3619 9.1115 4.8166 4.9974 9.8353 9.619 5.4458 2.4771 9.4124 2.9823 6.8965 9.5914 7.9744 1.8928 8.3504 7.5378 3.4875 1.4172
7.4617 3.749 7.2149 9.364 2.1067 1.6702 1.125 4.2005 3.1482 5.1758 7.268 7.733 2.9905 4.2279 1.2722 9.9433 2.7057 5.0638 1.4989 1.1264 5.4956 2.8617 8.5378 9.3244 5.7468 6.9756 8.7853 5.9743 4.2115 4.4595 3.9503 4.6569 5.2883 8.4176 3.3265 7.7365 4.2754 4.6014 7.67 2.4293 1.279 5.2298 3.8995 9.7713 1.7216 4.2988 3.9407 8.5879 7.4619 6.4339 6.3839 3.5384 9.5955 3.618 5.391 4.4596 1.4063 8.0764 7.1587 1.0095
4.7463 6.6372 9.3713 8.6299 8.5149 1.7501 3.0877 3.2219 9.1195 5.4722 7.8706 6.5511 5.4614 1.5951 2.8931 4.5573 2.9792 1.8551 3.8883 2.1609 8.657 9.4008 6.7663 1.222 2.2868 9.9168 8.9992 4.8985 5.946 9.0253 4.7693 4.3777 4.1739 2.4859 5.8772 5.5333 1.6657 2.1025 3.6601 2.5099 3.0335 4.101 5.2572 2.1953 2.1655 2.7936 3.4952 9.0457 4.4344 3.5264 4.7643 2.9414 9.9932 7.7315 5.4826 7.0147 1.932 5.0293 5.3692 2.5489
9.2055 7.6569 6.2552 4.6605 6.8456 9.6978 5.0945 9.671 6.0248 4.9896 2.5221 1.103 2.9141 8.7058 9.9197 9.7649 5.097 5.1323 9.4119 8.9499 7.0146 9.2276 8.3477 5.4029 4.6306 7.392 2.3126 6.7387 8.2027 1.6615 1.959 9.6087 1.6088 4.3255 5.3918 6.3558 6.2952 3.6781 5.1881 8.1917 7.5153 5.3046 8.6386 5.498 9.4684 6.1654 2.3887 6.0208 4.4947 4.4884 8.6346 4.319 1.6504 2.424 7.8362 4.5568 6.6375 8.7372 3.0228 7.472
4.343 5.8207 5.2269 6.8248 8.4412 9.4818 9.0658 2.0564 2.8651 3.8904 4.5928 4.1538 1.8164 5.1308 7.7773 1.1708 2.1291 7.9428 1.5896 5.9723 3.3328 9.0263 5.6116 7.4843 2.7466 8.0329 7.952 4.9009 6.6589 2.4871 6.9312 3.1752 6.5529 4.6098 1.4681 8.9192 1.5267 3.81 5.4868 7.1671 2.0643 2.9926 6.9869 2.5348 5.5449 6.2752 5.6181 1.9409 8.6949 1.4002 2.2231 6.3976 2.0601 6.423 4.433 6.4953 2.7316 8.7685 4.4757 2.2213
3.2336 3.1464 6.6985 6.288 1.5777 9.6838 5.0142 3.3687 6.7097 1.1228 6.9822 7.9289 5.747 5.2941 2.5902 6.6344 9.0319 7.7568 4.1434 6.4809 3.7658 3.7028 3.3284 9.0151 5.0997 8.4361 4.621 2.1462 4.9453 7.9934 3.335 3.4609 3.4676 7.4915 4.3112 5.2456 5.017 6.6594 1.591 7.2892 5.896 5.6118 9.4077 2.7375 3.063 4.9336 2.2032 9.7213 2.0059 9.9063 7.6616 4.8293 7.1757 1.7817 7.4852 2.7339 6.6412 6.4527 8.3107 6.5475
5.1191 3.8738 5.7869 1.5067 5.0154 4.0802 6.1497 8.1211 4.4244 7.5863 4.2701 4.7858 1.88 1.2544 4.1832 1.9016 7.5406 6.7586 1.9576 6.9579 9.213 3.6069 9.1777 2.2831 3.2518 6.4379 5.9018 7.9258 9.3273 7.1727 4.2425 1.5097 1.7191 5.9428 3.9265 1.0823 5.8408 3.2767 8.1019 3.9384 4.1019 5.0965 2.7736 9.4023 8.4993 4.5961 2.9062 8.2119 6.3479 8.766 6.8006 2.5223 8.6658 8.3492 6.8847 5.0052 5.8789 9.2092 3.9772 3.7224
3.0626 4.9894 3.5815 7.1248 9.8003 2.2403 7.8652 6.2413 5.925 4.9381 2.9808 6.8765 1.7864 3.4296 6.9456 3.9708 5.563 6.2347 4.3156 4.8925 7.3934 3.6085 4.4043 4.9368 7.2475 3.2122 4.3296 9.9325 5.4236 5.5415 3.3434 1.9671 9.913 7.9252 5.9282 6.6846 9.0053 6.3181 3.4561 4.4257 6.0251 8.3855 7.7609 1.7452 6.1417 9.3258 1.4174 8.7568 4.5258 4.4402 9.6704 1.3988 7.6802 3.89 7.877 4.8579 3.1281 3.4806 1.8181 9.6734
3.3043 9.8385 8.095 3.0978 5.5905 4.5359 2.0292 3.8111 8.1485 6.0355 7.9578 8.6625 3.1125 5.7721 6.3451 7.3589 7.9331 6.1239 4.1701 6.6178 9.5713 9.0228 9.5556 2.0135 4.3809 6.3628 4.6301 5.3036 7.4795 2.3419 2.6815 2.0337 6.109 3.942 5.422 3.9684 9.2038 3.6081 8.1503 6.7713 8.9725 6.8044 5.3904 3.1291 2.6369 8.641 9.6397 1.8728 2.6388 5.6035 9.8622 2.285 5.2852 3.2006 9.0961 1.7225 9.6402 7.5473 3.6671 2.1949
5.1889 8.288 8.8346 1.2534 4.6571 7.9764 2.1058 2.8255 8.5688 9.809 1.1336 9.2196 2.1373 2.9993 5.1377 5.5711 5.3327 5.0577 2.2098 9.4857 7.0655 9.3656 8.1601 4.5205 6.4633 7.8773 9.4368 9.4204 4.023 6.7059 4.6431 5.1806 9.029 3.2485 1.2991 9.4002 1.4366 7.2403 9.739 2.6836 6.0683 2.6431 3.6267 4.6092 3.647 4.5897 8.0508 9.3636 5.63 5.1736 5.9146 8.1593 4.0607 4.9464 6.5322 6.6036 9.7917 8.1159 5.2959 8.2956
3.2834 3.0993 8.4711 4.6078 9.4569 8.8097 5.8736 8.2067 9.1357 8.744 8.5287 3.5381 2.4203 4.0829 6.4035 7.7476 4.2333 2.047 3.5048 4.9167 6.7678 5.7712 6.5147 5.9632 6.3759 3.6219 1.6368 7.926 9.3193 2.8333 8.2166 8.6092 8.0154 5.6673 7.8441 3.5653 3.7244 1.4321 6.8279 1.0231 4.6711 1.3517 5.8529 2.3063 3.3894 7.995 5.3646 1.7606 4.7621 3.219 3.6874 5.383 8.4717 7.3781 2.4488 7.7779 3.4021 1.6305 8.3755 5.4387
6.2619 4.6819 3.0127 2.2068 6.6564 4.0953 6.9727 3.29 5.763 1.0714 6.269 7.6782 7.2204 4.5936 9.1102 2.3226 3.4023 1.5052 2.8007 6.6722 1.8471 5.2192 9.833 7.2289 4.2332 8.6488 7.2068 6.1852 1.3308 2.4027 8.4178 4.9336 2.1853 2.2259 4.9729 5.6492 4.5011 2.0233 5.687 6.8074 9.8411 7.8545 2.9078 4.9783 3.2624 5.9652 9.2085 5.7512 1.9218 2.42 7.247 8.5046 5.7845 1.3127 1.9946 4.0005 3.1078 1.0939 8.1949 8.8162
4.4856 6.6447 1.2137 6.9015 5.2571 1.2021 5.8148 6.6234 7.38 3.058 5.8502 8.9129 6.8346 3.9325 2.6274 5.2526 6.8815 4.2891 9.6538 9.7719 3.249 2.8196 9.0476 3.2717 4.3745 6.2515 7.7904 2.0801 2.8445 3.6126 9.3669 5.8947 6.1486 5.341 8.7604 8.9577 9.5682 4.7452 3.797 7.1238 5.9246 7.1895 1.7336 7.4762 1.6633 8.9135 6.6714 6.2981 6.9754 3.7966 8.4447 5.1646 2.4177 3.1417 2.4959 8.0521 7.0041 5.8987 5.5832 1.156
2.9659 1.7894 5.3956 2.7734 7.2462 5.0204 2.2933 7.7596 1.7145 9.984 1.7816 5.3664 6.2538 5.0904 3.3959 2.6424 5.5117 4.4218 7.5889 8.1701 1.7116 4.5441 2.2591 3.5687 3.2075 7.1854 4.826 6.3573 5.2461 1.968 4.2314 8.4128 2.9352 5.3441 2.3956 9.6504 8.0496 5.6103 6.9232 2.1934 6.3428 3.3182 4.4998 9.9705 9.9379 7.7142 9.247 5.7639 2.4909 5.9535 1.6388 6.8458 5.7659 6.0884 4.3789 3.0035 6.6096 1.5751 2.3854 5.142
3.996 6.4333 5.9592 9.7239 2.8565 2.2503 9.4393 8.0336 2.6369 9.7516 8.9489 8.2553 8.9748 8.5497 2.4271 2.0724 3.5459 1.2956 2.3965 5.4143 2.9441 6.9687 7.1018 3.2091 8.5628 6.5778 1.4803 7.4235 1.1989 7.8524 2.2496 9.8933 4.5414 9.9148 2.8425 5.6491 7.8496 8.9368 5.9285 6.1539 3.4359 2.3231 1.6916 2.3341 4.3785 8.3033 8.183 7.1578 2.0894 2.8958 9.5004 3.5313 1.019 8.9905 8.0686 1.9981 1.5876 2.5218 6.3937 7.9364
4.0089 7.5765 4.905 7.0708 2.7781 2.7115 3.9505 9.9233 7.4778 2.1075 3.2735 1.1544 4.9099 4.7322 6.5386 4.1354 8.7375 6.5499 6.5296 5.1185 3.0402 7.1842 2.0492 2.846 8.4835 4.9433 2.1395 2.8469 8.015 5.8438 6.0635 4.2733 8.8248 2.6992 9.8937 7.1371 2.435 1.6867 2.0011 3.5324 6.4773 6.1804 6.5957 1.2129 4.3473 1.7361 9.2102 9.0286 1.6989 3.8804 8.4976 2.0907 4.6833 8.4948 9.6359 6.3757 7.8118 9.7071 8.6991 9.4315
5.2207 6.6329 2.1361 3.6841 9.6214 1.2762 9.8329 9.803 2.6088 8.5844 6.2658 1.2984 4.3404 7.0164 8.4968 7.2766 8.9647 4.9889 8.3103 7.4397 6.4053 3.5356 6.9785 1.2067 5.1342 6.267 4.845 9.9003 4.1896 2.2595 2.2718 7.0932 9.3714 5.8561 5.1671 6.2573 8.0368 7.3248 6.7338 2.6659 2.3408 3.2889 3.0893 4.4812 1.9181 6.9706 4.1588 2.542 5.8654 2.1468 5.9054 3.7555 1.2436 6.439 3.0465 4.8151 9.8818 5.4315 8.4724 4.8291
2.3095 3.2563 7.5643 9.1339 2.1878 4.5203 1.1309 3.7387 3.8783 5.2479 3.7664 8.6611 9.7919 9.2766 8.6459 3.4253 6.2904 7.9528 4.0912 4.3516 7.902 3.9644 8.6972 7.6046 6.8441 3.9375 6.8375 6.8148 8.1526 9.5436 5.4358 4.0826 4.9678 8.4652 5.2466 9.4585 4.7408 9.9395 7.9756 1.2615 1.1313 5.6082 3.4722 5.8414 4.2528 1.0428 4.9098 9.897 9.5179 3.2963 5.6023 5.3083 9.7762 7.2897 2.3932 8.7343 8.9613 8.1106 2.8572 8.4588
6.3585 3.3868 8.4408 9.6823 4.7332 8.3336 6.4985 3.5276 3.0639 7.445 3.8023 2.3363 6.3785 1.5183 4.541 8.8825 4.2682 4.0907 1.7233 4.81 6.7413 1.1597 2.2235 7.9852 9.9959 7.9865 6.6834 8.259 8.1603 2.4616 3.7793 6.987 8.8973 7.0719 2.5394 9.0184 3.7937 9.2863 8.3394 1.8465 3.1528 4.4139 3.5816 9.7025 2.1099 9.1392 8.9646 3.5398 7.4218 5.077 1.6784 6.2209 2.7917 6.066 1.6071 2.6135 2.8394 4.4321 8.2448 7.6155
2.0427 3.254 9.8279 6.0322 4.3328 9.0475 9.6349 5.0932 5.0122 1.7688 6.8059 7.2359 8.3074 7.0391 6.3111 7.9594 6.731 9.6077 8.5192 2.3222 7.883 7.6472 8.1472 3.3151 7.578 8.9779 1.8286 6.0034 6.429 7.0919 7.0875 5.6779 1.8553 9.4291 9.0829 9.5071 9.2534 3.0492 6.9158 3.7231 8.5307 1.5192 5.9394 5.9838 6.4646 5.4383 4.3092 1.5702 6.9377 9.0997 3.3361 9.6566 4.8709 1.7758 5.5935 8.0141 2.4836 8.0517 1.8703 4.071
2.2185 1.6384 4.129 5.7077 3.1351 1.4188 9.0858 4.7958 3.0437 7.2928 9.9186 3.9086 9.9147 4.4997 9.5857 7.5032 9.4918 4.8259 8.6231 4.0746 2.7777 1.609 5.1857 4.7369 7.4272 3.9212 9.1399 3.1757 9.0312 1.9712 7.2463 3.4991 3.7327 3.9842 2.3493 5.847 4.1254 2.0393 5.406 1.1498 1.2849 8.6581 7.6123 7.3563 8.3732 2.1477 3.4641 9.8643 9.2073 3.9597 7.7329 4.5804 8.815 3.8767 7.4464 8.5477 2.686 9.5836 3.5806 5.3849
3.5669 1.3043 4.3788 3.6407 3.1601 3.5439 7.7423 3.0135 3.5854 5.4223 5.1061 2.076 4.8991 7.9918 6.6512 1.133 7.0308 8.3961 7.9486 7.0006 7.855 4.6835 4.0424 8.58 4.8359 6.9521 3.6103 6.0622 4.1256 2.9078 2.2935 7.5588 8.8831 7.1508 6.3256 9.7988 7.6437 5.3208 1.0925 3.8692 7.7002 1.462 2.3972 1.8393 8.9412 8.3922 1.8438 8.3056 6.039 7.092 1.9413 4.4837 3.3923 9.0359 5.4342 5.875 7.8171 3.0896 1.2783 3.9355
3.4258 3.4908 3.8917 3.7032 8.3979 2.9991 7.6801 1.6125 8.9471 4.8372 6.6166 6.6325 4.2154 9.7011 5.5139 9.9122 9.3356 6.2011 3.2301 1.0157 7.2063 1.0775 9.9123 6.477 3.6598 6.8584 2.4115 2.8877 1.8333 1.1606 6.0618 9.1378 5.9803 7.076 3.8208 7.7799 6.4098 7.0613 2.8569 6.3312 5.5903 4.5194 4.9385 1.1283 4.241 9.6479 6.4549 9.2199 3.568 2.0357 3.262 7.4608 6.5185 8.623 6.8408 4.435 3.5924 3.561 9.1975 3.8822
5.0319 1.0119 7.5562 7.5732 8.45 5.9785 9.7873 7.3523 7.4498 1.9137 8.466 6.1616 4.1102 9.5066 3.3406 8.8798 5.6556 5.5803 1.6117 5.191 8.3237 7.7184 9.0138 3.0692 2.0692 2.4749 1.0243 1.4028 9.4833 4.3273 9.6995 2.3081 3.5711 7.5799 2.5277 2.9495 1.6765 8.1986 6.6883 8.4625 8.5718 7.7292 5.3369 4.5561 3.522 5.469 8.5089 6.9015 4.8285 7.4083 4.9958 3.8814 7.7373 6.1105 5.4032 6.3736 5.7985 9.7885 8.8124 2.7403
9.8505 7.3117 4.6613 1.819 9.3139 2.0389 1.319 9.9373 3.5476 7.9033 6.1533 7.8783 7.3482 8.8032 4.8 5.2421 7.7253 7.5759 6.8507 6.3912 8.3802 7.0001 9.9525 9.2884 2.9071 3.8671 9.6876 6.6891 7.8445 8.0628 1.9228 6.7712 9.1652 6.0522 2.9361 5.7237 1.4023 7.6086 2.9824 9.3589 1.1528 1.674 5.6068 1.0113 3.4652 3.8574 6.9065 4.7805 8.0161 1.4152 6.5505 6.8148 9.4683 9.3975 4.6042 3.4787 5.4202 3.3677 5.7651 2.8847
7.062 9.1074 7.0374 8.2611 4.1878 6.7481 2.3714 4.1459 6.813 1.5991 2.6981 5.0012 1.5901 3.7644 9.1719 7.5975 9.9668 8.193 2.9972 1.8581 6.0752 7.6547 4.8064 1.591 9.4961 4.1647 4.649 1.7855 6.4349 9.5674 8.2005 6.8958 5.1626 6.4503 2.4547 5.3248 9.4192 6.986 3.5253 8.4666 5.7582 1.7631 7.0456 5.3567 4.5913 8.92 4.3841 6.5189 3.9681 6.9063 5.3484 6.9036 6.8673 5.157 1.5646 8.7864 8.3259 2.5017 3.1168 8.6618
6.1529 7.5208 5.9985 8.9021 8.2994 5.4974 8.8872 5.6032 4.9157 3.0121 4.2191 2.8356 4.6692 9.8878 5.9678 2.3115 8.6827 5.3253 7.5801 8.3996 6.6717 3.4382 6.221 2.05 4.5604 6.34 6.1166 5.0126 3.7528 4.9757 7.088 7.8285 3.0797 1.4708 9.3892 9.9826 6.8251 2.5877 2.7689 8.6204 9.1464 3.5428 4.9426 8.5637 7.4483 7.9842 1.5745 7.3666 2.9929 5.2004 5.8216 1.2116 5.9586 7.5229 3.7778 5.8556 7.7694 1.4861 2.2986 8.3787
5.6803 2.8167 1.2859 1.8756 4.0682 3.2542 7.3823 8.278 6.1016 9.2901 4.5488 3.3671 8.8546 2.5389 3.5106 1.736 8.3328 5.0043 9.4525 5.9858 9.0433 1.2557 6.2141 7.2322 7.5096 9.6332 6.4157 4.9712 3.7288 5.8718 5.5326 8.7915 6.339 7.7613 1.3783 4.779 7.4065 3.2734 3.6815 7.7432 2.9052 1.2302 7.1871 5.7571 7.1458 4.1191 4.9443 8.3198 9.235 3.92 5.2295 8.8442 1.6259 6.5242 8.9911 2.7038 2.3254 4.0023 4.0746 3.0601
9.7334 2.2217 1.3476 7.8369 9.2106 3.3042 2.8194 6.8452 4.8865 4.7611 9.6268 6.1741 2.7946 7.2577 5.8853 9.0922 6.4389 3.5583 3.0415 5.6903 3.4663 1.9577 8.5362 6.8115 6.9624 3.9511 1.1114 1.3155 3.2955 8.3393 6.8702 8.2767 5.2321 8.9264 8.1577 9.2197 8.674 3.727 5.5507 8.9475 2.2842 2.5756 4.7898 4.0453 6.8179 2.8456 7.6285 2.5588 6.4054 8.1192 7.1185 4.0178 4.2753 9.2484 6.8039 6.2878 1.7157 9.9698 7.3042 2.9122
6.0773 2.2224 4.1306 6.2572 1.4899 3.5173 1.4301 5.0687 7.2287 2.2399 4.2328 7.5744 8.2855 3.1739 6.9854 9.5333 3.6152 4.3898 3.068 5.6883 3.47 5.7829 9.9999 8.8758 5.4529 5.8676 9.0335 6.2425 2.1391 5.4577 5.3943 7.9653 5.8407 2.9377 5.0108 7.8883 8.8848 6.4647 5.4467 3.6071 3.8392 2.2889 7.0087 1.6208 4.3007 9.4149 3.1804 2.515 2.3383 2.4954 7.7944 8.4247 1.0838 8.2491 3.8712 1.3253 1.5703 8.0852 3.2 1.3444
8.144 7.9262 1.4158 2.8015 9.1797 7.1226 1.985 2.459 2.7714 8.8027 1.9396 1.4678 5.7284 8.7469 1.5407 5.7122 8.2781 8.8408 5.6483 8.7471 6.0839 4.5138 1.5753 9.5446 4.5594 6.3615 2.2466 3.9109 1.5718 2.0638 2.2683 8.4118 7.0562 8.2363 1.1977 5.3189 7.0898 5.4899 3.5759 7.572 7.6706 2.3001 2.6342 5.3695 8.2634 2.1702 3.4695 7.6539 3.1476 2.2719 8.6409 2.8101 5.1823 4.3994 6.8999 6.6223 6.4819 7.1474 7.7535 2.7614
2.3078 1.1257 2.1779 3.7964 1.2892 2.8316 3.8681 5.302 3.5256 1.5128 4.0087 1.3244 2.9196 2.4232 3.6716 3.8402 1.0016 7.4688 5.3029 9.1057 1.1106 9.3429 4.3062 4.0099 4.3349 8.2851 9.4203 4.4324 7.8204 8.1823 8.0416 4.6085 3.1416 8.7151 5.9093 8.6264 2.6634 3.1181 6.6754 1.2495 4.0315 7.2896 3.2546 3.9745 8.2072 7.1085 7.3334 4.8738 6.8175 4.5841 9.7597 6.9211 1.0031 6.9113 5.0193 1.2854 4.3999 7.7455 1.7539 4.6248
1.1732 9.8969 5.7295 9.8338 8.9495 9.7991 7.572 6.8692 7.2199 5.2296 3.3206 9.2246 4.5827 3.2139 1.0067 7.875 3.1717 8.7204 2.8636 7.2968 8.123 5.372 6.2378 7.8764 5.7205 4.8501 7.4771 7.3475 2.6569 2.7933 3.8987 1.6393 5.5924 4.0985 1.4311 5.5952 4.5479 4.3781 3.5067 9.973 5.1943 3.5863 4.936 8.8521 6.9064 9.0904 7.7056 3.2643 6.4543 3.0286 9.8958 2.4686 8.3243 6.7052 8.807 6.5395 6.9163 7.2492 6.0408 3.6536
4.7239 5.3941 6.4716 4.3003 4.6561 3.3112 4.8588 7.8604 1.1294 3.8136 7.1009 2.4008 3.6882 3.3701 3.7104 4.9688 7.5841 8.4432 7.8046 4.5251 1.8767 4.4151 7.6562 4.4572 6.2648 3.8947 7.3199 4.6721 4.0971 7.3076 4.1869 3.5202 6.0726 2.619 9.7784 8.7968 1.7961 4.9907 4.5998 9.2778 4.4673 1.5137 6.6708 6.5127 8.3173 7.4865 7.2554 8.2233 2.8543 2.7405 8.6177 8.2198 4.7713 8.2586 3.0914 7.3903 5.4614 8.1593 9.0659 2.3827
8.5344 2.7282 7.0944 3.6652 3.1177 7.609 5.7636 1.9802 3.1345 5.8442 3.8721 9.8887 7.4649 3.9286 8.8519 1.1095 5.2733 9.132 8.3501 7.0131 7.3833 3.7748 6.3503 1.7541 5.2235 4.7069 1.7129 6.4764 6.3122 4.3114 2.3111 8.9063 3.9067 9.8167 6.7478 7.1397 5.9209 6.0872 1.848 5.7571 7.0505 2.9903 8.3287 2.9116 1.5781 7.4219 1.3158 1.1069 8.0451 9.1162 9.5442 6.4165 4.7497 3.9347 1.0949 9.6662 4.1903 2.3811 7.3566 6.4371
9.1659 9.7004 9.0459 6.2829 3.5508 8.5755 1.7308 1.0402 1.2363 6.6605 6.9801 4.0594 2.5463 7.049 4.9156 1.4197 2.144 3.3615 2.0147 1.4287 5.672 2.4955 6.4167 1.0919 1.4574 7.2249 7.1571 8.6656 4.1219 1.745 5.2456 5.7074 1.0916 6.5378 1.1046 7.9774 3.5898 4.983 5.7736 8.5464 8.9089 2.7279 2.8035 8.3687 1.7865 6.2528 2.5342 6.7068 1.3811 8.4247 5.4138 1.1402 9.0515 8.0917 8.4812 4.3957 1.4409 3.3314 2.2899 1.7195
4.646 9.5995 8.8601 3.1758 7.9755 9.7735 5.8646 8.4999 8.3411 4.6854 8.9979 4.0033 7.7135 3.4825 5.6919 7.7408 3.3666 4.5021 1.0975 3.5241 5.2756 6.3819 9.9138 7.2994 6.3012 1.3982 5.5465 8.5424 2.5577 2.6764 9.9911 4.3755 4.0176 3.9144 9.014 4.5616 1.1617 1.618 1.4702 3.1711 9.115 9.8703 6.231 1.084 8.2272 5.727 3.927 3.582 6.4489 8.3057 2.4889 3.3282 8.8893 5.1454 1.089 2.7605 3.6979 4.9826 5.9375 2.2774
5.9972 7.8241 7.2862 9.9908 4.7184 9.2639 6.948 8.1933 9.7162 3.1744 8.7109 5.8396 7.2194 6.4617 7.9619 4.6138 5.4791 7.6145 5.6955 2.9718 1.0391 7.4644 3.0984 4.2147 1.9193 6.7671 4.447 7.7278 2.041 7.5442 5.5743 8.951 8.7563 2.9914 9.1431 4.7669 1.1168 8.7707 4.5961 1.1094 1.3973 2.6544 9.1013 6.6206 8.7089 2.4035 6.161 4.929 8.0422 2.2795 1.1016 2.3809 3.4927 1.418 5.3434 4.7389 3.7215 5.6138 3.8459 1.4899
6.2835 5.4948 2.7591 8.5463 6.4969 7.6085 5.2868 4.0342 1.5785 7.8344 5.7236 5.5936 9.2084 4.0263 5.687 5.8306 1.4734 3.2117 1.8492 2.6359 2.5998 1.193 6.2129 7.8665 6.2603 1.7751 4.4279 7.8533 3.9628 1.0233 4.6348 9.4393 7.7249 3.0531 5.0038 7.5593 9.6626 4.9782 6.8308 9.7679 5.1126 7.1039 4.6388 5.4364 5.9994 1.7842 9.7839 3.1559 4.1905 8.5566 1.6438 7.3617 2.0478 2.8356 3.4578 8.8889 7.7116 4.0856 7.6451 9.9675
9.2838 4.5619 3.4703 3.7076 8.5529 4.8892 7.2898 9.5281 1.1244 4.4977 1.1908 6.9342 9.3767 4.6219 5.8972 9.9401 5.3412 3.8839 3.6802 6.9504 5.0746 8.0481 5.6953 1.711 8.6832 5.3498 6.0093 9.4404 2.7059 1.6997 1.6509 1.3326 4.8543 2.9409 4.3429 1.7923 5.0315 9.2702 2.3858 8.3028 7.1846 2.2119 1.9812 4.894 7.5089 2.8912 1.7524 8.043 9.3944 2.7074 5.3871 5.4839 7.6869 1.1757 6.6003 8.305 4.083 5.6023 2.7501 2.654
2.2771 3.9553 6.3742 3.4555 8.92 2.5428 2.3193 7.2359 8.5488 3.2001 3.9086 2.8267 8.1279 9.2586 8.9633 9.3598 2.2948 9.3352 3.3868 9.1064 2.9134 2.9566 8.3798 6.0199 3.0928 2.3713 5.7557 4.512 2.1386 5.486 5.1395 8.675 4.603 1.6645 1.2771 5.231 9.0235 9.1081 3.8551 7.1254 6.793 2.8853 6.2669 4.1357 8.5832 4.6038 8.3833 6.9876 5.4006 3.4992 8.3845 7.6493 6.3969 8.2075 6.2404 1.3696 3.1783 8.0095 1.3714 8.1343
9.2243 7.8834 5.8084 9.3311 4.8653 7.7207 5.9669 4.4491 8.262 3.5203 9.5418 7.7235 9.0312 7.7312 6.1614 7.7627 2.0925 8.7464 5.7977 3.7638 7.2717 1.5125 2.2057 6.2396 8.8576 2.9747 2.2388 1.3956 6.6798 9.6593 1.0086 9.8123 9.941 4.7556 8.2355 4.639 5.3166 4.0024 3.7333 4.9359 9.4011 7.249 4.6872 4.7849 5.8901 4.5099 5.9368 1.0886 6.3865 1.4675 1.3136 6.9313 4.535 9.0365 9.0014 8.9283 9.2041 5.9063 7.582 1.0785
3.971 5.9481 7.416 9.8974 2.7809 7.6335 8.4468 6.9241 9.064 7.5261 8.6444 9.3685 8.5671 6.0752 5.4945 6.894 7.3963 6.0877 4.9649 6.9282 9.5167 1.3759 7.3923 3.9359 2.7161 9.3957 8.0707 7.4935 1.7951 1.6187 3.6376 2.7571 5.5743 3.1786 5.3078 8.7646 9.4822 1.2509 9.3771 1.4347 3.4647 2.0242 2.61 1.0213 5.7906 5.9224 6.9586 8.1515 6.8455 4.3447 5.2744 8.4108 8.6005 8.0386 7.3716 9.4652 6.2817 3.727 2.9555 2.338
7.6977 7.4832 1.1681 2.9781 9.7023 5.0058 1.7235 1.3136 3.5264 9.5101 1.7276 1.4139 3.4334 3.9661 6.3093 3.1356 7.5014 2.7858 9.2818 3.2912 4.2163 1.6212 1.5977 2.4862 8.2474 8.9505 2.4585 8.6806 6.9733 8.7112 6.0667 6.2767 3.6359 4.7806 7.1147 8.6995 4.5008 7.7421 7.3331 9.0706 3.8299 3.2383 4.7467 3.0758 5.1876 9.4886 7.6486 7.8145 4.2417 9.7822 8.9293 4.0979 3.9796 9.4366 7.1301 9.0807 5.4868 7.3821 4.0934 2.8455
6.2043 3.4389 1.9999 5.73 6.8818 1.188 7.8193 7.9936 6.1273 3.0232 9.734 2.2491 2.1901 8.198 1.4768 1.7067 4.2856 1.6021 1.3456 9.4053 3.3958 6.0462 3.4565 6.4238 7.204 7.516 4.0243 5.4399 8.8914 2.02 6.2827 9.9865 6.9267 6.7895 7.0654 3.4497 4.1046 8.1039 1.3925 2.5054 5.9292 1.1779 3.9069 6.7337 2.8515 6.5234 8.9573 2.6033 9.5731 4.7279 2.8513 1.3908 6.5433 4.8005 1.5309 8.6287 4.7605 9.6446 6.4009 7.4281
4.5568 7.3629 1.5972 6.6334 9.0588 5.3269 1.3264 2.8683 9.5733 8.5236 7.1877 9.4344 8.7778 6.3999 4.8158 3.3539 6.8761 4.4749 8.1962 2.5237 2.2859 3.8576 7.0772 5.4015 3.2078 6.9941 2.0229 8.7018 7.8996 6.0064 8.9305 7.2154 2.5851 8.3934 7.2101 1.8342 4.085 9.8154 1.939 4.9034 4.7006 2.4996 8.7911 9.837 2.909 1.0633 8.3652 5.4018 4.4917 7.1124 3.1516 5.118 9.6345 6.0629 5.1247 4.1488 1.3351 3.309 8.4299 6.7514