80
6.2633 4.0401 6.1254 9.9185 4.8393 2.8452 5.7677 8.1717 1.0282 9.2268 1.5522 5.9998 6.2585 4.6711 9.2 5.8242 6.3498 3.4876 6.5987 4.4121 2.9777 3.4183 4.1857 4.6331 2.8561 6.635 1.5438 2.5129 5.132 6.6227 4.382 9.6864 2.4927 6.9791 4.3098 8.8182 3.0025 4.5182 8.6354 7.8081 8.3303 9.049 4.929 8.6584 5.8993 7.5634 2.6143 4.2779 8.6531 9.6573 2.3878 5.1654 8.5628 5.6792 2.782 3.8523 8.2481 1.4248 4.9423 8.2011 1.8123 8.2031 7.4207 4.3817 7.7927 6.6103 4.7262 1.6207 8.7706 5.7459 8.641 7.5658 1.9671 3.8175 3.0397 4.0579 7.3277 8.2667 4.8851 8.0491
4.271 8.3682 4.452 1.1897 8.5238 1.0018 6.3337 4.0102 8.5618 8.2942 7.4937 3.1906 2.5148 6.2733 3.5434 1.5606 9.8203 7.8077 7.7865 8.0807 3.2672 5.5522 2.5094 2.0986 3.3105 7.8162 5.6267 6.1779 7.8401 2.924 3.3807 4.1845 2.3774 4.8163 5.7724 5.0843 6.1507 3.7941 3.3154 1.6261 2.4366 2.5783 5.1886 7.7233 9.2919 1.241 6.2477 2.3389 9.8613 5.0025 1.6049 2.9908 6.1345 2.6464 9.1104 2.2985 7.491 4.75 3.5006 7.2686 7.0987 2.2906 5.1229 7.2424 9.8518 9.974 6.3912 5.2572 4.2226 8.8697 1.8179 5.6082 7.5981 1.85 2.2714 1.2501 6.8744 4.4042 8.0884 6.0818
9.2303 2.7054 4.8254 1.4166 1.5426 4.1899 5.5085 5.058 7.1327 8.2691 5.7948 9.105 8.5502 3.9113 2.1619 7.7047 8.8601 9.9489 5.112 7.2176 4.1558 5.5765 1.6524 1.7724 9.76 7.5005 6.9316 8.7832 9.8803 5.222 5.4176 2.6136 6.5589 1.9544 7.1762 7.7266 2.8237 6.4754 3.3226 9.5438 3.7289 4.3126 5.167 3.6276 6.602 9.7747 5.613 3.2047 7.1423 1.4716 4.7845 7.8428 6.4913 9.0085 4.1232 2.3974 9.5437 5.6491 3.1878 2.6567 2.304 4.7459 2.3004 7.8776 8.1361 8.2727 5.5996 8.8689 2.0526 1.6139 6.0061 1.7057 9.268 8.1002 1.1341 4.9918 2.2863 6.2466 5.3808 2.7171
5.3121 4.995 3.1125 5.2526 4.6577 1.1613 7.3815 5.7677 4.1381 1.0574 6.4236 8.7199 2.8466 7.8352 2.1496 2.6673 2.7888 2.2935 9.7321 9.3386 6.1186 9.8179 7.922 2.3795 6.2725 1.0765 4.5374 1.5801 7.3879 2.8104 7.6267 7.0878 9.2364 9.9265 2.9977 2.4708 3.8807 8.2822 7.4428 5.573 9.4907 5.9073 3.3176 3.9734 5.844 4.8572 1.1223 9.525 3.9292 7.5545 5.4134 3.1731 5.5987 2.7892 5.1256 2.2712 8.6605 7.7449 7.9608 7.0848 1.201 9.6769 7.8889 2.866 9.1339 4.3089 8.4785 2.644 6.1848 5.4033 3.5657 4.6511 5.918 7.0646 3.124 6.6846 9.879 2.8885 2.8223 4.954
7.3478 9.4223 8.3777 6.6568 3.5616 7.6366 5.7401 5.3974 8.9758 2.1826 9.7119 5.7143 6.5304 5.4424 2.3434 5.6748 1.3337 7.9063 3.3993 1.1628 6.5429 4.05 9.1587 3.4217 9.3127 1.6148 9.17 9.0838 7.7077 4.9863 8.0111 5.6498 7.6077 5.0508 7.4484 9.4651 6.3815 2.361 9.7174 7.0908 9.1717 1.6722 4.8845 2.3313 5.9657 1.4738 5.5807 8.6149 6.406 4.8007 4.478 1.9264 7.1101 8.1985 7.1229 3.256 3.288 8.286 3.2706 1.4293 6.7507 1.7937 6.8227 3.1328 1.0431 8.5728 5.4643 6.5886 8.8681 4.1199 8.5957 5.323 3.094 8.8936 6.0058 4.3171 7.3752 4.0843 8.4975 9.8813
6.2293 6.6078 7.5983 6.0688 3.7412 2.4107 2.0428 7.184 2.1029 8.9561 8.685 2.4099 5.3161 3.9766 3.4623 6.0542 4.1067 8.3411 6.2251 3.9085 7.9908 6.019 1.2222 3.1688 5.4593 4.7587 4.0839 3.5058 7.2885 1.3691 6.4182 4.6683 8.7909 3.5784 5.767 8.5446 8.5915 4.0341 6.4644 1.8007 6.6409 3.6523 2.2896 1.7721 5.4917 6.4339 4.8074 2.5319 7.2157 9.5215 9.5248 6.423 6.511 6.6646 8.0518 8.991 2.5829 9.2683 4.88 3.982 3.4403 8.9615 2.1013 3.7762 8.6465 9.0859 4.8657 9.8618 3.694 7.8712 3.9446 9.0027 1.237 1.067 4.2547 1.3579 9.3952 6.1969 4.1537 6.5742
6.9464 4.6721 5.5221 4.795 3.8487 1.2895 4.6468 6.1172 3.4768 5.3579 3.0335 4.393 6.4171 9.0159 6.8728 5.8122 4.052 4.0921 9.486 8.176 7.8313 9.576 2.1149 9.3963 2.306 3.3819 4.0338 6.3938 8.0789 8.7354 3.4031 2.5877 7.7155 5.9998 4.6042 3.6424 1.1677 9.6865 9.2195 8.9585 2.3717 6.8086 9.0904 7.2486 2.4294 2.5807 3.2614 5.4652 6.0337 4.6663 3.9469 2.4937 1.3127 3.8996 6.0775 1.1001 8.3499 9.2153 5.5723 2.8929 7.8712 6.3275 9.4848 7.2671 6.5447 5.3835 1.8067 6.0472 9.3392 5.2369 1.3385 9.4103 5.593 8.6514 6.3344 9.0975 9.6957 9.6536 6.752 1.6146
4.9419 3.2661 4.4038 7.2157 7.69 1.3593 5.586 6.6863 5.6541 2.0033 1.8262 9.9992 6.7493 4.937 5.9155 4.4013 7.3786 1.1016 7.0922 8.6467 2.6841 7.8484 9.1605 8.4151 7.3238 3.7593 1.9191 5.3163 3.2153 3.8671 6.6437 6.4519 8.7972 1.7034 6.4877 7.623 7.3712 1.1725 7.0309 4.2412 6.614 4.7843 5.8588 3.8525 5.6446 3.1766 6.1691 4.7144 5.8345 1.0971 8.5948 9.6937 5.2174 2.5678 7.8084 6.3956 2.1149 1.2402 7.515 4.1513 3.7469 9.774 3.7672 2.1448 2.7777 1.9001 8.0072 3.2999 5.7506 2.8147 4.1541 3.4231 1.8016 2.9586 1.1123 5.3667 9.4493 4.7238 2.162 4.0007
6.6884 4.4771 2.4178 2.1732 7.6858 1.5956 1.1545 8.5018 7.9178 4.7495 8.9213 5.6389 6.298 1.5943 7.6365 5.9736 4.2302 6.8491 8.8289 3.3642 4.2879 7.5236 9.3507 3.8184 5.3861 1.059 5.7637 1.5544 9.4205 2.1598 3.2024 8.9699 5.7098 9.1725 2.7959 7.8785 6.138 5.4152 9.3202 4.4091 6.6975 2.3524 9.7879 2.3207 8.2367 3.7793 4.9865 4.8132 8.4791 1.5584 6.6516 6.769 3.0351 7.4563 7.4732 3.707 9.6252 3.3505 1.5802 7.9797 1.3822 9.2668 3.7554 6.8655 2.0376 6.4246 6.324 3.8773 2.5847 1.9001 4.309 6.0476 3.4357 7.2551 9.027 6.2433 5.4991 5.1541 9.7838 2.4431
5.4414 9.6582 8.8725 9.7399 4.7725 1.3706 2.6126 3.3344 5.2911 9.4553 1.7703 3.0074 4.4452 8.3035 6.831 2.8134 2.9171 4.4702 6.5261 6.9732 6.8362 5.8987 6.0111 3.6031 2.8507 6.7311 4.2977 9.9179 5.4133 3.4622 5.2406 4.8436 7.6072 6.3805 6.3003 3.11 6.4931 8.6362 7.6058 6.1652 4.46 8.5118 1.369 2.4395 6.798 4.3632 1.8404 9.3756 3.8421 8.608 6.0459 8.3178 1.9909 6.2907 2.0101 3.3148 2.4381 2.9615 9.2737 7.9423 1.971 3.8195 9.0676 9.0297 8.4694 7.6347 9.268 3.1436 2.3663 4.9457 9.5778 4.1717 9.8801 1.175 9.7488 2.1743 3.6457 1.9582 9.6526 7.3516
5.7408 3.9307 9.1808 2.6291 5.0572 8.1642 7.996 2.5808 8.2953 4.0277 5.323 2.5174 6.3207 7.9038 4.5819 2.8568 9.1096 4.4364 7.5528 7.2496 2.999 6.9369 5.3022 8.8547 5.15 6.3784 9.5578 4.7635 9.1057 2.7889 5.1214 4.9321 1.033 5.6003 8.2999 5.0331 4.053 6.8565 8.4295 9.8849 8.087 6.7509 6.0711 2.3601 8.3064 6.6585 5.251 2.8272 9.1127 9.8579 8.513 7.6403 6.0671 9.3691 8.9117 1.6894 6.3797 8.8655 1.4441 7.9166 3.5933 4.2245 3.1055 1.6304 2.4965 9.5951 6.1598 2.9283 2.1353 9.4886 3.4116 1.4983 4.5975 9.3479 1.1331 7.6274 6.2249 5.0405 3.395 3.8538
6.6007 4.4472 3.1193 3.164 3.6816 9.3447 5.2484 1.9009 7.394 1.2551 2.5159 3.485 5.5301 8.7541 5.3455 3.1558 2.1346 9.9811 3.9321 8.7759 2.1026 4.0769 8.8757 1.7552 3.2992 8.1645 8.8965 6.2868 6.221 2.2455 7.9098 2.728 5.9646 8.4178 5.2209 3.7953 4.9731 4.9213 9.6661 5.9363 1.0857 5.649 8.0572 2.0258 7.6221 1.4299 2.3392 8.1994 2.4215 8.1826 1.0667 7.6368 3.2098 2.0114 3.0431 1.7744 4.6034 5.0113 5.2325 6.52 9.6306 5.0043 4.7275 7.4273 6.0114 2.8421 6.085 8.5427 5.3252 9.8084 7.3491 2.9261 1.3804 7.9033 1.2773 7.9253 2.3913 7.039 5.5586 6.2936
4.8932 3.6335 9.7248 5.11 8.4794 7.484 4.4138 8.944 7.3107 4.1985 9.4818 3.2078 9.7816 9.0331 6.7957 1.4742 9.1657 3.0975 3.2614 3.5898 4.7384 4.0389 9.4513 6.159 5.7847 4.8564 4.2182 3.8829 6.6259 2.8644 7.9226 4.8973 3.4534 3.2622 9.9507 9.4468 2.1174 2.7467 4.2421 4.0574 2.1589 2.1232 1.7464 5.6639 8.2334 2.0729 9.8178 3.4844 6.3756 1.7078 6.9493 6.8523 7.6167 1.1269 8.4082 8.3409 2.3458 5.321 7.351 8.8062 8.5318 3.2093 8.6216 4.6886 6.6424 9.6813 6.3355 4.1698 7.2237 8.2181 4.0529 7.4083 9.8707 5.6041 4.7401 6.8361 9.59 5.5098 1.6659 7.0515
3.0765 8.2715 7.1058 6.1081 4.3463 1.9815 5.1332 1.02 3.6783 6.0572 8.574 3.0224 2.7765 5.964 7.8034 2.1611 9.5667 7.4623 8.0558 4.3185 5.949 9.0676 5.1647 8.6417 9.4894 7.0994 9.7313 9.7233 2.8845 2.027 6.7571 9.0399 8.1092 2.8647 7.93 2.7152 8.8018 7.6467 3.2052 1.2994 6.4445 6.8823 8.0846 6.8827 7.6579 2.5885 2.3166 1.0922 7.7788 5.6934 3.3586 4.4643 6.9644 2.6303 2.6032 8.981 8.1125 8.4428 9.1385 4.8439 6.0137 5.3183 5.4845 4.1762 9.094 7.1071 9.2226 9.2941 6.8732 1.3026 1.8933 7.1146 1.8153 3.6872 2.5814 4.5887 4.9025 1.9937 4.2148 4.1601
3.5456 9.4578 9.7744 8.3705 5.1728 3.3614 2.3059 9.0139 7.7104 1.7957 2.3219 1.4472 3.7962 7.6069 1.729 3.4415 9.3744 1.3138 8.2755 2.8432 3.9547 8.6092 9.3489 2.2903 7.2097 3.4507 2.4273 3.8025 7.1289 6.4439 8.0151 1.8235 2.4695 2.6053 7.5112 2.4048 5.5119 6.3097 7.7068 2.1388 6.8903 4.2196 8.9714 6.9951 9.0054 2.5889 1.5357 9.0852 9.9038 9.807 2.416 2.1192 7.6054 5.2385 9.4399 9.1711 4.0885 2.9317 3.695 2.3972 3.7154 9.6469 4.6112 5.7421 2.163 8.178 1.2156 4.4264 8.9789 8.1335 2.0296 2.1466 7.5394 6.6363 9.2168 1.3712 7.407 8.1849 8.7861 2.0454
4.5411 8.8892 9.6222 8.3657 1.2226 7.9531 1.4274 4.2056 4.2145 3.575 6.012 1.2355 3.0036 2.0352 4.3206 7.7696 3.781 9.0733 3.1011 6.9292 4.1553 3.1977 4.3757 1.0122 8.4379 8.0516 3.7299 5.4833 7.5105 2.2824 7.0258 8.0139 7.9691 7.9 9.5201 6.1122 9.5013 1.6338 1.2149 3.5599 5.9045 6.7545 1.9972 3.209 1.4825 2.9975 2.6813 5.0799 8.2677 2.601 7.1455 8.1993 2.8406 9.0779 5.8134 2.651 1.5912 1.6547 8.8825 1.0644 4.3651 6.3466 6.5578 6.0574 2.3312 5.6629 7.3381 8.557 5.7565 2.7524 8.8351 8.8826 7.3376 9.0305 3.3848 2.7966 1.1938 9.5436 6.7857 2.4849
3.171 1.0224 6.6957 2.4935 5.9644 9.9388 4.169 3.7544 7.7327 1.9158 4.5792 4.7873 2.6582 3.0747 3.2602 3.0039 6.5215 5.2553 1.2484 8.2503 6.0406 8.4802 7.6058 8.5546 1.164 6.1324 9.854 1.1247 4.2882 7.4264 1.1894 4.2523 1.8538 4.6989 4.5002 2.293 1.45 8.3262 2.7936 5.4204 8.7167 6.4217 7.6514 1.8658 7.5689 7.4378 2.3043 8.8983 9.694 3.6341 9.2073 1.3155 7.0422 7.5806 8.5568 8.0561 2.5779 5.5021 2.9554 8.1663 1.2202 5.286 8.5563 1.9756 5.2149 9.809 4.0806 8.6532 8.5616 3.4125 7.7192 7.704 2.4611 8.1674 3.7729 1.7098 9.0694 7.4902 3.8775 8.299
7.1472 6.102 1.5619 6.586 8.6782 3.8188 1.6654 9.6518 3.3103 9.8894 7.3339 8.1414 6.3711 5.657 2.8272 3.1686 7.7044 2.4358 5.5559 7.1057 1.9908 4.8152 2.911 8.3665 2.8601 9.8879 1.2005 3.7483 7.2286 9.9887 8.0282 4.5534 3.6929 8.9855 2.9094 6.0019 4.8851 8.7178 1.212 6.8012 5.5248 9.8542 2.5997 5.2338 1.7514 1.0713 1.4212 8.7605 7.3478 7.6925 3.1362 5.1929 2.3458 9.2892 1.6134 9.1051 3.6119 3.1029 2.2627 7.0606 7.6807 4.1293 8.6189 7.6753 8.7287 7.8141 3.4903 9.819 4.1544 6.1202 9.1202 2.145 2.7759 5.5352 2.8329 6.7563 6.234 5.6624 9.7301 3.1842
1.2146 8.8596 3.5296 1.7502 9.4291 4.4734 5.7455 8.0392 6.9998 3.6678 6.0608 9.1947 8.1472 7.7515 4.5266 3.3317 4.0873 6.2676 1.5869 2.2828 9.9837 4.9208 3.9295 1.5921 4.8289 4.9462 3.1892 2.8449 9.0104 1.2398 2.6624 1.3398 9.3911 8.3448 7.65 3.3384 7.5907 1.0106 6.5199 1.4138 3.8265 5.775 2.5638 1.7285 4.0708 2.165 7.0125 9.6259 8.7969 2.515 7.9785 2.5156 5.8623 6.3523 2.6568 2.0066 8.2672 7.0287 3.1163 7.7992 7.8014 6.5639 4.2753 3.4495 5.9324 8.1014 8.4693 8.1371 5.474 1.2089 9.0294 4.2578 8.7583 7.6527 6.8892 8.7043 4.5536 1.0816 9.2273 5.7203
7.4723 7.9624 9.0506 4.1002 9.0673 7.1828 3.5428 8.2783 8.2359 7.1517 5.6985 1.757 9.7449 6.4474 3.2031 8.288 7.9485 5.2682 4.4889 8.5779 6.9508 5.9809 1.1543 3.0452 3.1882 6.5143 3.3263 3.0625 7.7483 9.5473 2.5118 7.0043 3.865 1.313 9.4451 8.1595 8.4731 2.5425 4.6998 2.3092 8.37 1.7349 1.1427 8.4804 6.2294 5.0934 2.6615 3.3745 2.8161 1.8907 2.6391 9.0092 5.577 9.8257 6.8525 3.5975 6.896 6.0677 4.9527 2.9446 3.417 5.6636 5.091 9.3821 6.5314 6.8993 5.8881 9.4652 2.6551 5.9092 7.2975 6.1944 2.0529 6.6281 5.4024 1.2119 4.3707 4.8683 6.5997 2.5197
5.9743 3.828 6.0463 4.8905 2.9663 9.6109 3.3194 8.2254 2.7069 3.1544 4.4366 3.266 6.6159 4.4496 4.2104 8.4798 6.9908 9.8791 1.9928 9.9954 7.4318 9.3861 9.1238 6.3957 9.8119 3.9756 8.5031 8.0087 4.7656 2.0545 8.7405 1.1216 1.9396 6.8916 9.9077 7.0208 7.8694 9.7363 6.186 8.7045 4.9741 9.9502 3.9405 2.6363 9.385 4.2681 6.2743 3.2726 1.9825 1.7823 4.3819 6.0338 9.7866 1.0653 5.5519 9.2154 2.8741 4.7966 5.7603 6.7903 5.4953 3.6444 2.5159 9.0446 5.0114 1.1796 8.9433 7.1573 2.4899 2.5941 2.4637 2.6133 2.2676 6.3344 9.5942 3.2642 3.1899 4.259 6.0595 2.7406
2.0734 8.0007 2.122 1.1781 3.5191 8.8431 8.1108 8.3498 7.0671 3.6663 8.5029 3.6309 6.0196 6.6663 9.3793 1.2592 1.4904 8.7663 5.4152 6.9855 4.6611 7.0582 2.4531 4.7746 9.272 9.3029 3.2411 5.8178 4.1136 5.4313 7.8725 5.2987 2.8522 5.3737 3.3692 4.3515 3.3152 3.5194 8.9271 8.3691 7.471 8.1319 3.8893 6.4133 9.097 3.0456 2.4315 6.4966 9.0471 6.1866 6.8781 7.0189 6.6022 5.5462 7.9922 6.2337 4.6544 8.9616 3.8064 6.1872 2.3907 7.3695 1.7904 5.9142 4.1183 3.3341 3.383 6.3082 6.5571 6.5931 9.061 7.2239 8.8765 3.4123 2.3262 9.5651 4.9662 7.3642 8.5971 9.4895
5.1987 2.9116 4.5079 8.0612 5.0643 8.8086 8.6392 2.7638 1.48 5.423 5.05 9.3679 7.8204 6.8159 2.1853 3.8463 3.7403 4.3163 2.1577 2.6231 1.1091 1.4244 5.61 9.4432 9.9166 1.7018 6.3817 3.416 9.6439 3.0457 6.9866 4.7702 6.0014 9.5525 8.1715 6.4027 2.0392 3.4896 3.7411 4.6151 5.2712 4.0314 4.7481 3.3153 3.5414 7.9949 3.6389 5.467 1.0793 7.4688 9.0554 6.8887 8.6143 8.6528 8.2783 9.896 8.1183 4.5232 1.2387 4.6968 8.4301 2.333 2.6084 1.5992 8.1705 5.2973 3.178 2.253 1.2492 5.3252 6.8182 9.0599 7.931 8.7124 2.1369 3.0011 8.8464 7.9744 8.3158 3.1971
3.9583 7.3749 3.0586 6.2505 8.7594 6.167 9.216 4.1478 6.7509 7.2135 9.7421 3.0077 4.001 3.9431 6.1132 9.007 5.9638 1.2433 7.8586 5.4625 6.8227 8.2785 9.0192 2.9773 1.6291 4.5163 8.1218 7.5339 6.8574 8.018 9.4922 1.9193 6.7832 8.6033 5.957 7.0709 1.4535 1.1517 7.439 9.9474 4.0526 1.797 9.166 4.1401 7.9655 9.7651 7.4406 3.3272 7.6566 1.0597 9.3633 9.0153 9.8325 2.283 9.9149 5.3238 4.6209 8.8147 1.713 6.3959 5.7259 9.1226 2.4257 8.4636 7.8427 5.3101 5.6304 9.0239 4.2451 8.4091 5.3649 6.6448 3.0074 4.5174 9.9653 4.1121 4.7813 7.229 8.1286 5.6214
6.1453 3.9182 8.106 1.6694 3.9834 7.2124 9.8156 1.165 7.8609 6.4848 7.9441 2.676 9.3923 2.1878 7.0865 9.6368 7.6655 3.613 8.3761 3.7895 2.0349 6.2995 6.4367 5.4564 4.974 7.0939 2.1899 4.8948 5.835 5.0512 3.4723 4.0736 2.5387 8.9836 4.0162 5.2819 2.7869 6.4541 7.2669 6.0559 3.0615 3.2919 2.5398 5.1025 3.3924 5.5794 7.7409 8.0032 9.3813 8.7011 8.3782 7.0939 4.6854 1.8329 7.521 2.261 5.2159 1.8524 5.9829 8.8873 7.1606 1.0642 2.5547 8.5689 2.5159 6.5219 3.9213 3.7103 3.9688 3.7057 7.8329 9.0194 9.892 2.4985 3.436 7.3924 3.2256 8.8796 4.6863 9.8083
8.5362 4.5314 2.8546 5.9966 2.7355 4.364 1.2533 4.6101 9.6605 4.4553 7.8487 7.8268 1.6168 2.3807 1.0843 5.1165 1.1009 7.9933 1.6299 5.7468 6.0222 1.1515 4.8744 9.7821 2.3492 8.8997 8.9076 2.1338 6.7077 2.8255 2.1495 3.4582 2.7981 1.8625 9.5194 1.258 1.0944 5.3062 3.3869 1.9358 4.8663 8.6982 8.0647 7.9825 5.8746 3.7497 5.7379 4.9212 7.0494 4.5126 7.3359 6.585 5.5318 3.8294 1.622 9.6856 4.9622 2.6375 7.2608 8.4228 6.3941 2.7501 3.1569 7.642 9.6977 5.3596 5.7612 1.1228 3.746 1.2721 1.8154 4.6297 4.5409 8.8085 6.7133 4.865 7.0094 7.2992 3.7982 7.7372
6.3614 4.4532 5.6053 7.4697 2.0594 9.8829 1.8801 4.9772 4.4154 8.268 3.4768 7.3362 9.3398 4.6102 8.2146 1.4291 6.2202 6.4502 2.8574 5.1275 6.3173 7.4477 3.3095 8.6482 9.3768 8.6346 1.9156 7.3445 2.4166 8.6201 4.824 5.3369 7.7848 2.5271 7.2363 9.3582 9.1254 2.4935 7.4793 5.7778 3.2088 8.1163 5.0306 4.958 6.9469 3.2773 6.2434 3.7801 8.0657 5.1519 2.7801 4.8513 2.9259 7.2054 4.2717 9.8375 4.2471 6.4309 4.553 6.725 2.2099 4.2322 4.7456 4.2726 5.0098 7.6205 8.0166 8.8469 7.7575 2.2783 9.8485 5.918 2.1913 9.8263 1.6137 9.4752 5.8798 9.0751 4.6378 4.7246
7.6159 9.3134 8.1487 2.3389 2.2663 8.9336 9.0196 3.2041 7.247 2.7083 8.189 9.0668 2.9776 6.2606 8.027 4.1435 4.3591 4.5201 3.8033 5.6914 4.9425 6.9867 9.8196 3.9642 8.541 6.0252 5.5163 4.3669 6.3324 6.3131 7.8797 2.5694 4.7221 9.8121 7.1878 3.4255 8.8733 6.2839 1.3775 4.7678 8.7614 6.9379 7.0815 4.6217 2.001 5.8134 5.1799 5.589 4.0279 7.1038 9.7774 9.644 1.7349 8.83 2.4357 2.0685 9.9231 9.8673 6.6592 9.4537 4.3537 4.5042 4.5881 4.1222 4.4551 8.485 7.6972 6.7666 1.2029 5.0299 5.6811 1.0101 9.1051 8.0069 3.3692 8.7087 6.2758 9.3494 6.6868 3.608
4.3925 3.9144 1.1511 6.6795 3.4114 4.362 2.6723 1.6188 4.2995 9.4741 3.6608 1.1616 9.5194 3.5613 1.62 4.6581 1.9099 1.3997 2.1222 1.0811 8.7339 1.0032 2.4057 7.9115 1.5191 3.2221 8.967 7.345 7.4974 8.929 8.6126 3.9731 5.9744 5.0815 8.1299 2.8753 7.4532 1.5653 6.7957 4.8898 1.9563 6.3795 8.4476 3.5181 5.2613 8.1805 2.0692 9.8623 8.051 7.7845 9.4375 3.2671 3.7623 4.9244 5.3373 7.8666 8.125 9.509 3.4957 5.2567 8.7738 9.5795 9.1996 3.6552 6.7149 3.3396 4.6468 4.3099 7.6862 4.1027 6.4495 8.9998 9.8555 9.9228 4.2692 4.4856 7.5797 2.7578 8.0885 8.0143
1.8939 6.8969 1.6091 6.1873 2.1206 9.4327 3.0927 4.9146 6.1489 5.2215 1.0203 9.6923 2.9517 7.9105 7.6749 6.6914 9.506 3.5268 8.4927 2.2603 6.3497 1.9377 5.3494 9.2529 9.487 5.413 4.9229 2.9327 1.9395 2.3089 2.8401 4.7026 2.0722 6.9295 9.7635 3.8442 3.3811 2.1233 9.6305 8.5187 7.0474 3.377 1.0865 8.3694 5.8696 5.4094 4.4608 6.5042 7.4348 5.3522 6.8413 4.1179 2.612 9.9593 5.3738 6.953 5.2638 7.118 7.4714 8.216 8.587 7.6291 1.2125 5.7217 7.2413 9.4239 5.9158 7.5697 3.971 5.7331 4.4851 1.0018 8.2424 5.2073 8.593 4.903 6.5805 1.7894 6.6992 2.9956
7.6263 5.6657 8.0389 6.629 5.8427 3.7808 2.148 6.6557 7.4675 2.5903 3.8383 2.0148 8.0362 4.8922 2.127 8.0148 1.6321 6.538 3.7221 2.4349 7.8364 5.8772 5.8508 6.5329 2.0412 4.5762 7.3058 7.8412 8.4047 4.2246 8.6955 6.3006 4.1282 7.6019 2.8088 6.6648 9.4994 4.8283 3.6887 4.8979 1.4048 2.6294 7.941 8.2435 9.0111 5.9917 9.0454 7.3099 5.0019 9.033 4.0719 2.1098 3.6822 6.6851 5.2716 5.6155 4.1489 3.421 7.9511 4.1407 5.8452 4.3651 7.6037 3.3013 3.1804 4.5594 9.599 9.9477 6.151 4.5311 7.4215 1.9737 2.4019 9.1425 9.1434 5.1752 9.5004 6.52 8.2773 3.5597
4.7958 9.4271 3.213 4.7875 1.7399 6.6301 9.4633 6.6572 3.6184 1.1081 3.4834 9.1351 5.4692 4.1628 7.6493 2.0729 9.8397 9.0024 8.7688 5.8119 9.5295 5.9349 4.2022 1.3027 2.0391 6.1779 2.5525 4.4115 6.9834 2.4844 9.7754 4.2482 3.5436 7.9752 5.3428 2.0389 1.3376 5.6264 4.8258 5.5697 1.8578 9.2132 1.5836 4.834 7.1613 5.2433 4.6124 6.7358 7.393 3.1173 9.2616 4.5517 4.5259 1.2644 1.2787 3.8961 1.3804 8.7205 3.8144 4.9556 1.6286 8.6193 4.025 8.1471 4.6901 4.4225 8.9473 7.5054 3.0237 7.0098 4.982 3.2357 9.5748 7.7461 5.9191 3.3649 5.383 3.7061 2.9842 8.6034
4.9082 5.8681 2.2086 3.8147 7.4023 2.8867 2.5817 5.6148 2.9169 1.5191 3.4736 2.2491 7.9446 3.9489 6.0249 6.6378 9.7788 1.8249 3.3412 1.2671 9.2181 6.7886 4.0768 5.7687 3.2452 8.3653 6.2 6.7163 3.8871 2.6028 8.47 7.3871 8.0535 2.6222 8.3042 7.1099 6.8222 8.5668 5.3818 8.63 1.5526 6.272 7.6721 3.3131 2.3782 6.333 8.2346 9.4341 2.8978 6.784 6.4352 9.9064 9.8315 3.5388 1.2322 8.4114 1.0691 7.8514 4.1515 4.6215 8.3635 8.2228 5.3578 9.3706 5.0971 5.6553 2.6392 3.0705 2.1764 9.3803 5.04 4.4582 6.4098 3.9149 1.2711 3.9118 9.2054 5.5466 3.5546 6.3027
3.0514 4.331 3.688 8.6558 1.3752 5.8158 2.1542 9.7798 4.4758 2.4731 5.1898 5.0059 9.7519 6.5896 5.5435 2.5907 9.8985 6.5049 6.0604 4.7745 8.2949 6.2897 1.1296 2.7569 1.7547 7.7734 9.7791 6.2319 4.2909 6.8067 5.8544 1.8641 9.3718 2.1619 5.8398 9.2363 5.4919 2.7457 7.3763 2.0675 7.8352 1.8911 5.7211 5.77 4.1151 2.1143 7.7382 2.8 5.234 2.1153 7.8891 2.7609 1.322 4.0791 5.3187 6.2291 6.2239 8.9276 9.4537 9.6736 3.322 3.2 3.1277 2.829 9.5256 5.4679 2.9397 3.188 8.8906 7.2773 3.9166 4.0742 4.4941 2.0819 5.9401 3.1621 8.079 1.926 4.786 2.1735
4.8363 9.0997 9.9556 2.9653 3.4401 6.5404 7.1735 6.3784 5.1108 9.7363 3.185 8.3872 6.9025 7.2451 3.9336 3.1872 2.5917 4.9249 2.7511 6.1883 6.4022 1.6829 3.7079 6.8783 1.5111 6.5869 9.9942 7.6875 7.6166 1.5558 6.0788 2.9012 4.2437 5.9936 7.3234 3.7149 8.2043 4.6011 3.3991 1.7007 1.6124 5.8475 7.1949 5.1332 4.2373 2.9877 5.2657 5.2509 5.617 3.5019 9.5892 4.5522 1.1587 8.752 1.1042 3.987 5.2245 7.9435 2.6401 1.2773 3.444 1.0353 3.4433 6.6062 4.0834 3.8492 2.3864 3.6179 6.7332 2.3048 8.1091 9.5389 4.6559 2.3935 7.8053 6.9778 6.0931 4.545 8.7781 5.7377
5.5521 1.1695 6.8532 9.683 7.5693 8.4844 5.6919 4.7838 9.3751 5.5181 4.8001 3.2048 4.2551 4.6219 1.6304 8.7242 9.2622 8.3129 7.7215 1.4533 5.6696 3.6687 5.5752 3.7997 2.3412 1.5317 1.274 7.2187 1.1181 8.3112 1.3589 2.1129 3.6838 3.6938 4.8669 3.7179 8.8975 7.3933 9.9847 7.6374 6.3893 7.8832 3.5693 1.7198 6.1356 4.4383 1.071 2.8956 3.131 9.4458 8.4296 2.9947 8.5181 4.3714 9.6868 1.4859 3.9928 2.8561 8.9526 3.9521 1.7591 4.11 7.6332 3.3738 6.7384 6.3441 6.4308 9.6943 6.6258 9.9846 8.3095 8.172 8.6222 5.1561 3.8803 8.4201 1.52 3.1481 5.3577 9.4653
9.7873 4.2315 8.6361 9.6486 4.4377 1.3917 6.5973 5.5194 4.5423 5.2365 7.5651 2.7627 1.6976 5.4647 4.8065 2.1572 4.7592 2.0802 6.4732 8.6063 7.8561 8.8941 9.4103 7.6841 8.2974 7.5807 8.6903 7.1046 6.9709 9.8406 3.8511 7.7641 2.6647 6.0614 3.6381 6.6336 8.1325 2.582 2.8398 9.8298 8.8214 5.0272 4.3697 1.1301 5.5661 9.1316 3.0665 2.0383 6.9038 2.0055 5.7653 3.6695 9.0376 1.4028 9.5718 6.6873 6.8925 4.9591 8.6241 5.1072 2.161 6.0452 8.9266 7.7871 1.1694 1.6642 4.609 9.539 1.1611 2.5164 2.2332 2.1198 6.0193 9.1309 6.267 2.4696 9.8443 3.4653 3.1016 9.0682
8.9849 2.9923 9.8204 4.3713 1.237 7.872 4.5472 7.0288 9.7541 6.2253 2.3638 4.8501 8.3392 7.6375 8.9446 6.2443 2.307 3.9861 7.3314 8.9228 3.2763 4.2163 8.4848 4.6642 4.1583 6.023 7.5768 4.9952 4.5522 5.7733 1.3667 4.9131 1.9166 6.6079 2.5174 7.8215 7.4459 4.4911 9.1748 8.6998 7.7632 9.8543 9.3101 8.0541 3.9862 3.9777 1.9871 2.1207 1.7196 7.5804 9.0053 9.5062 2.2053 8.6958 7.3948 9.2837 8.6139 6.0682 9.1669 6.4899 2.9896 5.5285 3.8522 9.2219 9.8342 7.6963 8.8956 1.8538 1.9413 3.6436 8.4983 3.0259 4.9068 4.3017 4.6158 3.9536 9.6159 9.3145 4.335 6.6968
6.3564 7.7822 3.4861 7.6009 8.9555 4.5687 1.981 4.0713 4.7089 6.8168 2.3876 1.2481 9.6492 4.1681 5.4153 5.4617 4.7242 1.7011 5.9347 2.5436 9.5328 1.9042 2.7241 8.0486 1.5256 6.1813 7.8639 8.9196 9.2684 8.571 8.3174 3.8036 7.4683 7.5696 7.3823 3.5142 1.7397 4.0853 3.9187 1.4401 6.8745 7.4581 4.9323 3.3998 4.6596 1.5095 1.2047 2.3898 2.0289 3.7008 5.919 3.3404 1.3186 2.5434 9.2438 3.7086 1.3934 8.9234 3.7275 2.2325 4.5147 7.9003 7.6795 3.8798 5.2471 8.5359 5.4528 3.786 7.8518 8.1114 6.4191 9.1956 2.1469 3.984 4.1569 9.2532 7.5306 3.3317 2.8244 3.4629
2.3522 9.8693 5.4989 5.4111 8.1499 4.0918 7.751 5.655 9.016 8.0121 1.3412 4.0126 1.386 6.1765 2.4821 8.8691 7.4759 8.7236 8.6373 5.1532 4.9608 8.2633 8.3052 9.6165 8.6441 3.6295 2.5729 7.326 3.1894 1.858 7.0505 9.3939 9.0897 5.7112 2.9254 4.0846 7.6621 4.7297 3.8912 7.796 4.0553 9.25 8.7872 1.8794 5.1645 4.9695 2.8764 3.0101 7.2976 5.8723 7.1044 7.8484 2.3782 1.8388 4.4089 7.5777 4.6673 7.1656 9.3228 3.3083 8.3023 6.0987 6.9725 4.2495 7.0117 7.6384 4.519 9.1564 6.2957 1.2648 9.2765 5.9567 4.7806 9.4104 5.3115 5.1614 9.4276 6.8937 8.5909 5.3
8.7048 8.4303 9.0255 7.7881 5.9853 3.3811 5.1528 7.3151 5.5193 9.3916 7.4682 6.9105 8.7286 5.3279 4.736 4.343 4.0305 6.6858 1.6773 2.9703 8.1198 5.939 5.8587 1.1001 9.7313 9.7262 8.6441 9.3116 6.6492 4.0758 4.6316 9.6319 2.4892 2.5674 4.4762 6.2961 7.5101 5.1437 6.8128 2.7021 8.0451 5.0712 2.013 9.4866 7.1696 7.773 7.5736 5.8668 2.4676 4.0795 7.1451 9.9945 2.2475 1.4127 1.9121 5.9632 9.2167 6.28 1.3568 5.1284 2.348 3.3191 9.1683 2.4969 9.4306 8.0663 6.7397 8.7605 6.9538 4.4864 8.3673 9.355 1.1385 9.07 4.2371 7.0138 6.4891 8.4205 6.942 7.9213
6.0814 8.8479 3.3689 6.8435 6.0695 1.4693 9.3873 8.7522 6.6835 3.0441 6.0313 2.5685 6.2339 4.1775 5.9285 9.7776 3.6176 3.6365 2.5746 4.8706 3.3668 7.1223 4.8356 2.8863 5.5631 4.0862 1.5189 5.6434 1.0161 6.4769 2.5878 3.6808 4.9559 6.2633 7.5584 3.545 2.7994 1.5523 2.0168 1.1714 9.2221 5.1424 2.715 9.2117 3.3554 5.0681 7.1544 2.6162 1.9059 7.2074 1.3779 3.0464 2.2446 6.3853 3.7592 2.5879 7.9475 5.8832 8.8965 6.7031 4.6721 1.5265 8.6637 1.4521 4.307 1.8631 5.012 9.0626 2.4735 2.4152 2.3591 6.5254 9.4738 3.6388 4.6914 6.9376 7.0547 6.8722 2.2985 1.5707
2.463 7.1378 8.903 7.6426 5.2525 9.3005 2.3836 8.7076 7.1937 1.6999 8.2284 5.3889 5.7618 5.8278 5.7973 9.9492 1.3663 1.8161 9.9913 6.0921 7.0791 3.043 2.0513 5.0408 1.2509 3.4088 6.3453 8.3271 2.076 4.5864 9.7228 1.839 1.7441 2.471 4.234 6.2396 8.0524 1.4539 5.3418 9.1909 2.8008 7.6833 9.172 1.6732 3.5293 2.3818 8.6991 3.4542 4.7604 7.201 9.5559 5.192 4.9927 6.8227 7.3245 4.7793 9.7628 6.5736 4.689 5.7857 6.4018 6.7071 6.1898 2.9943 1.4523 9.6424 5.5836 7.8134 7.0736 7.7057 4.9224 8.5823 4.2184 2.5194 1.0918 1.6249 8.1148 1.4452 1.5867 5.7905
6.337 6.8146 7.5239 9.1473 3.5895 5.2312 6.197 2.4626 9.8055 9.8849 2.4846 6.5789 8.4891 6.591 6.3373 9.3002 4.2312 3.5719 7.643 7.2397 4.5935 3.7784 8.9574 4.6549 8.0088 6.8516 4.9649 1.6019 1.636 7.9235 7.1367 2.4074 4.349 9.6931 9.2393 6.832 8.7046 7.8128 9.712 1.893 1.8245 7.6849 8.7829 6.1379 2.4798 6.8686 5.1192 3.8829 5.8183 8.4886 1.4404 5.1052 7.5796 6.8068 2.1559 2.4498 4.8815 3.397 6.6802 5.9536 7.8981 8.6703 8.48 9.7157 6.1927 2.997 5.8377 6.4019 5.6586 7.16 2.4254 9.4021 4.9725 1.1302 1.909 5.1674 2.4541 4.1697 4.2785 1.5138
2.7002 9.5785 1.5505 9.9997 3.9962 7.5647 6.2498 9.6423 8.3399 4.0598 4.2447 5.8434 3.8378 4.9487 1.1084 3.3708 6.8705 5.0718 4.0122 9.9244 4.9701 8.816 8.8163 7.722 2.7306 4.5855 6.4575 6.6097 2.3369 8.2694 5.175 7.1025 5.6432 5.9658 7.7607 6.9267 7.1104 5.3233 7.5269 4.1025 6.0003 9.1437 1.5315 3.5438 3.828 9.4605 6.5904 9.2732 1.1726 6.5171 2.1984 3.746 6.6656 8.6068 7.69 1.7117 6.8975 1.4921 2.5249 8.8312 6.9165 5.6619 4.468 8.6831 5.9634 2.5004 4.8892 9.9989 5.2451 7.1949 6.5654 2.6183 2.4097 4.4717 7.3178 8.8694 8.9144 6.9874 9.2741 4.9092
6.3053 3.9922 5.2738 5.9094 9.1571 1.2548 8.5121 2.4258 3.09 7.1637 3.4679 2.5433 3.7588 2.709 2.7262 4.8748 6.7764 9.4502 6.1401 4.4961 8.8324 5.1304 5.1178 6.4438 1.7577 2.2244 5.5749 2.9697 1.0973 1.6945 7.6166 8.8138 1.3345 1.8118 2.3748 5.8226 8.3171 1.5769 6.5269 1.8845 6.2205 5.2951 2.4386 4.4675 2.9671 7.6502 4.486 4.5033 1.589 2.6343 9.9546 2.3067 2.5919 1.1101 4.9409 1.0938 7.9308 2.7953 9.0916 1.4555 9.9347 7.0478 7.1843 1.0731 7.8624 1.6071 4.4029 5.7054 3.551 5.5547 1.162 6.7401 1.2373 3.2959 1.4561 1.1493 1.864 8.5393 9.5288 7.2791
5.5084 9.9087 6.8514 8.8987 1.5541 6.2895 1.4236 8.128 9.1976 8.4739 1.5732 1.0505 7.9811 3.3072 9.843 4.8978 6.9815 8.8335 1.0552 3.2114 2.363 4.569 3.4835 2.6069 7.7756 6.9606 3.3816 2.693 8.9662 9.3726 3.0042 8.3303 6.6483 6.7587 1.6607 8.0505 2.2903 8.5895 5.7042 3.0495 6.4769 5.7838 7.331 1.6921 6.2613 8.9237 6.8913 4.171 4.7895 1.5747 9.6149 3.5852 3.7868 7.0935 2.8032 9.7238 3.8785 7.4367 7.7874 9.6315 3.2166 8.8722 7.0864 6.8698 3.1445 5.4103 7.991 9.0499 4.5295 8.744 8.1587 4.6438 5.009 6.7199 2.2161 7.7398 3.1512 7.2193 7.3626 7.5986
7.3528 4.7057 5.3477 2.5891 2.6916 9.3653 4.4887 9.1439 7.8161 6.4232 8.9043 7.7558 4.2391 7.6194 7.2834 3.5902 8.4436 2.1365 3.5094 9.7347 8.3445 6.8689 2.1797 4.6917 6.5338 9.6349 6.2551 6.5959 1.7502 7.6818 4.5888 9.7272 5.0745 7.9753 9.8186 5.1156 4.7183 3.6174 2.6715 3.0447 8.5308 1.2843 7.4821 8.255 1.1494 2.5515 9.6743 2.5935 8.986 3.4827 6.8381 2.5174 9.2975 9.1909 4.7513 8.4135 4.7791 9.6934 6.2052 9.9046 7.3535 9.5409 4.0408 4.6504 2.011 9.4883 9.6804 8.0566 9.5725 7.5761 9.7538 4.6668 2.1623 8.8416 6.3087 4.6404 9.3942 4.7215 9.8737 3.2694
9.5363 4.4392 7.0956 5.664 8.1339 5.7572 1.5975 1.9824 4.1766 1.8642 5.1437 4.1306 2.0031 2.7431 3.7246 4.6623 5.4345 6.6685 3.5455 7.0807 4.6688 8.2448 5.0914 8.6239 9.1078 3.762 8.6802 4.1548 5.8574 7.8958 7.2593 4.5603 7.0265 7.4318 8.9963 9.5727 2.0848 3.5432 7.2201 2.2842 5.9199 9.4845 4.6802 1.8837 8.1957 4.0917 4.2795 4.4299 9.0023 1.0976 6.3581 1.683 4.4741 3.2136 2.3554 4.2523 9.1211 9.598 7.9632 9.2764 8.7594 4.4979 8.776 4.5605 6.8916 9.1959 4.1942 4.166 9.2884 2.9175 6.4923 6.9585 4.3701 4.1866 4.4822 5.8079 9.8917 5.5413 7.3273 1.9289
5.7939 4.4808 2.4961 9.5547 7.203 7.3154 3.1161 4.7835 2.904 6.3951 3.3908 3.0833 7.2955 7.5505 6.3367 4.2603 5.8973 5.168 3.1532 8.1772 6.8584 3.1557 1.3086 6.6873 3.748 7.9775 4.7646 7.4544 6.4772 4.1093 3.5762 9.8056 2.2953 3.2967 2.9011 4.8086 4.1834 2.4534 6.2087 8.9608 9.5216 2.0781 4.7999 4.7134 4.401 5.387 5.207 4.1078 3.3636 7.9812 8.8647 7.506 1.0831 6.8762 3.4598 2.2741 5.6615 7.758 2.6616 6.9739 5.8849 4.1844 8.7075 9.4579 4.1468 1.7036 6.8443 8.1176 7.311 7.3869 9.5363 9.0572 6.1158 7.8862 6.8999 8.5105 3.0895 5.195 4.1083 4.311
2.448 9.2649 1.5557 5.2493 5.4509 9.1855 3.1898 4.2414 7.5814 5.8903 4.8103 1.3133 9.1363 5.5502 4.6165 7.2646 3.0913 1.7275 1.2294 1.9446 5.6978 5.6129 4.5599 5.6779 7.5787 1.1719 9.5321 9.2639 4.8905 7.9546 5.8423 4.7146 6.7277 9.2871 6.3202 8.5947 3.7018 5.883 4.8608 2.1382 4.9566 5.7678 5.0279 8.1791 8.7787 8.6798 9.5358 1.4452 3.2 5.7313 6.8352 8.3794 5.1285 6.1233 3.4096 9.2975 4.3424 8.9815 1.4614 9.0376 2.4013 4.782 9.0647 4.1607 4.5806 5.4852 7.7669 7.3517 2.2982 3.8823 9.4458 1.2566 3.7853 1.1104 2.1568 7.4087 3.287 2.8543 5.3488 4.5492
4.955 4.8637 5.2491 9.9894 6.4287 9.6279 6.8002 1.3864 2.1945 3.6515 7.3258 6.9907 5.0933 3.319 5.4835 9.8566 2.2216 4.7452 4.9946 7.8983 3.6158 5.1229 6.9994 1.7351 4.6208 2.1876 6.7887 1.9888 9.9904 4.352 8.5435 1.9115 4.0407 5.2425 1.4937 5.607 6.6214 6.6794 6.092 6.5281 9.6413 6.7963 9.9914 8.4824 4.4569 7.2476 3.9108 3.9108 5.2068 7.8412 6.5714 7.0533 6.2572 7.9649 4.1049 9.8841 6.1686 7.3643 2.2037 2.5217 8.0549 9.0256 5.9581 7.1125 8.2865 5.1858 6.9703 1.8873 8.4557 8.5214 5.1237 2.1857 3.3252 6.4954 5.9171 7.6163 2.2243 2.3069 2.9595 9.3628
8.0756 7.635 9.9923 6.7983 9.9191 7.4214 3.811 4.4705 4.9246 3.3283 7.4569 3.6701 9.0094 2.2115 5.8189 7.4068 5.851 7.6423 4.8822 5.8247 9.4651 8.2943 1.4071 2.9319 5.8566 5.5535 5.1033 4.2648 8.7592 5.175 3.723 2.8535 6.1808 7.2394 3.5454 5.4145 6.4379 6.6684 1.069 3.4831 2.5759 2.0485 8.2304 6.2877 6.8778 9.004 6.5034 9.6502 5.3864 2.933 3.1093 5.3591 1.2367 9.5463 2.4901 4.5325 4.075 1.7937 5.9303 5.4262 6.3553 1.8731 7.4051 8.8095 5.3875 7.7634 3.8519 4.5391 6.9624 8.491 4.9763 6.9052 7.9689 5.1778 7.504 8.5813 2.5742 6.2875 1.8064 3.2711
4.445 8.6001 7.3027 7.8525 3.2146 3.4425 7.5741 7.7995 5.7777 3.8842 1.6934 9.1023 6.1813 9.6234 5.6649 5.229 5.5857 5.8798 3.5945 9.8412 5.0481 3.8768 5.6832 9.8976 6.4304 6.9348 9.2229 1.3357 4.9378 2.9431 4.0796 2.3175 4.8377 3.3534 2.4148 7.6065 6.1494 8.1884 6.8855 9.1631 2.8652 3.0096 7.0383 8.7963 5.1648 2.013 5.6937 3.2167 7.2981 1.1529 2.0479 4.658 1.1501 8.1591 7.3186 7.5652 5.5419 9.9967 1.8948 3.9812 7.6867 4.3791 8.7715 7.3609 5.7775 3.8519 1.0616 3.2527 4.7941 5.2617 7.7492 7.6037 3.4392 3.8051 4.7159 1.3398 2.1039 3.4503 1.5672 7.9561
1.5792 3.8915 5.2869 6.9976 2.4401 2.5838 4.9019 5.3919 3.8167 8.7037 4.9498 8.4991 3.3418 4.2014 2.3871 5.6211 1.4454 1.0695 8.7445 3.8792 7.7581 1.1403 9.2635 1.6176 3.5149 4.419 8.9029 2.8824 5.7556 9.0113 7.9114 9.6793 8.0172 7.5133 3.1518 4.6345 9.0818 5.7364 4.7346 3.3344 2.0852 7.4853 9.4533 9.4087 5.0572 5.3275 9.2519 9.6236 7.68 9.8352 3.3445 5.7729 2.5164 2.6557 2.2025 4.6766 7.312 2.8657 3.5385 8.6869 4.7178 9.0017 7.8551 4.7207 8.8453 4.6482 6.9944 8.4886 9.258 8.4669 2.6996 4.1243 8.1442 3.8211 9.05 8.2776 3.0432 6.3199 1.447 1.0658
1.5519 4.6439 8.5029 1.9078 3.2272 2.6475 4.8121 2.9124 1.7994 9.4054 4.1438 2.4554 4.8686 9.1036 1.3879 5.8005 3.565 5.2382 3.0421 5.3532 6.1499 8.3079 8.8463 2.3139 8.0772 9.6003 7.453 4.7476 1.99 3.5921 9.084 1.2647 6.505 8.6538 8.6685 3.5275 8.1491 4.2889 9.5887 6.6188 8.7195 3.0657 7.7392 8.9516 5.0528 9.4773 7.0449 6.8979 9.2628 2.6428 5.7708 7.4312 6.6376 4.1235 8.071 8.1589 4.6571 8.6265 4.3247 2.2801 1.8046 8.5631 4.1399 2.5587 4.4265 4.305 6.4188 8.3038 5.52 2.7893 4.5087 7.3112 3.9399 7.9828 2.5013 1.1494 9.6876 9.742 7.1889 2.5822
2.2207 2.9497 4.2119 6.8944 4.8503 3.4001 8.7458 3.3764 3.8342 7.0218 4.5441 7.2842 6.0782 8.3438 7.1459 5.3517 4.903 3.9362 9.4992 4.0219 9.6647 5.9229 9.7391 6.4544 3.2706 5.436 6.619 6.2047 2.0376 4.4081 7.2855 9.2998 9.5702 1.4393 7.3883 4.6282 8.3663 1.1292 2.8575 1.5067 2.8116 3.8005 9.6951 8.3014 5.7649 7.9708 1.2578 6.4426 9.9513 4.7055 1.8947 2.2034 5.4099 7.8777 8.7519 8.8824 9.41 9.467 5.146 3.4344 3.3725 4.6927 6.5254 1.2793 8.8987 6.9546 3.5695 9.0424 5.0495 7.8422 3.4602 7.6766 9.3073 5.9961 7.4038 3.1745 8.8354 8.6748 6.0488 7.1059
3.8923 6.5494 6.8967 7.0337 8.2375 2.1557 7.6711 6.8076 5.3997 4.2773 1.8961 8.4991 3.5964 6.8412 4.9208 3.062 8.5161 3.5958 5.5731 8.7098 3.4893 8.2244 2.6746 1.1913 2.1723 7.2513 9.3026 9.8206 2.1722 9.5709 7.4682 8.2945 4.0121 8.1309 4.7632 4.2611 9.2334 8.4558 5.9678 8.4134 3.3433 6.6206 4.9989 8.1128 5.317 2.1101 6.3189 7.955 8.2653 7.7442 9.0339 3.958 2.8228 6.9032 6.7776 6.8826 7.5346 9.1259 8.5167 7.7079 1.0047 3.4461 7.4492 5.3952 8.6462 8.011 9.3437 9.1919 2.2903 4.4211 7.4647 9.2755 3.4759 3.9375 2.8741 7.0154 2.7456 2.1753 7.9667 4.9908
8.096 5.2423 6.6363 7.5432 2.8968 6.883 5.4321 3.7189 6.456 8.8614 4.4633 7.9703 7.4659 1.3948 4.488 2.7455 8.0371 3.0835 8.7805 1.869 5.2538 6.846 9.1412 1.6791 4.1967 7.7242 8.7691 9.0861 1.6399 9.6571 5.4337 7.6537 3.9363 1.688 9.1395 2.5843 2.4501 4.8649 8.9625 9.4335 9.3059 9.6076 1.2159 6.2051 9.2867 5.6095 9.9904 1.7897 1.0875 7.6832 2.7474 4.9277 6.955 2.5188 1.7513 6.4372 1.4822 1.6882 4.6498 9.5062 4.3979 5.7186 3.3893 7.0984 4.3552 4.2842 6.2252 5.2037 5.4233 9.8468 6.24 8.7988 1.629 5.7503 6.5137 5.1006 4.2654 9.4977 8.084 8.2025
2.2865 3.957 7.0964 4.935 8.6114 9.6173 9.6123 6.597 6.6338 7.9413 7.946 7.2147 8.4746 4.5957 7.1861 8.779 7.0776 7.5287 6.1462 1.8042 5.5566 6.6007 8.0308 2.9377 3.3017 8.1302 1.0698 3.2588 4.3847 1.7602 2.4252 7.7888 8.5856 3.1758 1.2428 9.1819 7.2486 9.1348 4.0726 7.67 3.2256 6.5873 1.6332 3.3313 9.7966 1.1896 1.7445 6.507 9.0773 2.2195 9.7731 9.7887 6.2233 5.0321 2.7959 4.389 6.1573 7.5358 8.0099 2.7985 8.5363 8.3595 9.0505 6.6431 8.4708 2.34 1.4526 2.1465 4.6115 1.6483 1.4503 9.2446 7.8269 5.571 4.9586 7.4092 9.4202 2.8868 9.1915 6.4342
3.7044 5.1943 8.9223 1.1697 2.4186 7.4273 4.0764 9.6272 3.0826 9.5527 2.85 1.3791 5.6678 7.1144 4.5692 4.0345 5.7092 5.8801 8.8588 7.5728 7.0036 8.2386 9.9228 9.4705 6.2585 9.7952 5.3992 5.5077 3.0792 4.7755 2.9159 8.3274 6.3434 8.3913 9.3976 1.2232 2.4864 7.9459 9.6156 9.3633 7.2717 8.914 1.5295 1.6593 5.6194 2.2082 2.0726 5.4434 8.8786 3.0185 9.6327 5.4302 6.2526 9.0724 2.764 3.8997 3.3644 3.2933 2.9361 4.0623 5.9199 5.66 7.2067 1.1304 5.7344 2.5998 4.8702 3.7172 9.5197 6.1745 2.7451 9.3288 1.7107 7.5987 4.9304 9.6418 6.9066 8.9337 3.1888 1.4257
6.4128 3.1813 8.4254 6.9188 7.1943 4.3509 1.0159 2.6781 4.8243 4.7523 1.4263 6.8669 5.6894 1.4558 6.2904 2.9719 6.0601 6.9906 6.8724 1.9784 2.8628 8.2211 4.1959 1.6367 1.5607 6.0803 2.6575 7.4352 5.2634 2.3907 3.6076 3.3183 1.7636 4.0679 2.6296 9.6746 5.1582 3.3132 7.9809 7.5973 3.4734 7.2216 6.1622 9.6819 5.0916 5.3919 9.6575 5.5754 5.4613 6.4414 6.9615 6.5119 2.7731 5.8608 5.8894 5.641 7.8186 1.2584 3.6172 1.2079 4.0453 8.4158 4.9481 6.8031 4.3109 9.8533 2.5608 7.5901 9.5871 8.464 5.0184 6.7248 3.4457 3.6493 8.8121 9.6228 6.2459 6.6016 4.7789 9.7809
5.6143 6.5526 1.8619 3.3779 5.2533 9.3203 2.0581 6.2951 9.0862 6.5148 4.6168 9.6782 2.5911 2.8535 2.1962 6.5364 1.8524 8.6975 7.4001 6.6293 6.8563 9.4708 4.7698 6.636 9.6473 4.5899 1.0246 4.4104 7.9313 9.1935 5.9142 6.6683 8.6953 1.8868 6.6722 4.2307 1.2089 8.3975 7.9643 2.7904 8.029 9.2842 8.455 7.7456 2.3549 7.3551 5.6006 7.1957 9.1688 6.8847 1.6111 8.5353 3.8154 8.3291 4.6197 7.3494 3.3853 8.1668 9.5824 7.5469 2.5939 2.6225 1.988 1.3389 8.5939 4.802 6.6113 7.0231 4.3869 7.9182 7.821 3.2522 6.169 5.2492 5.2412 7.27 7.9869 3.5772 8.1913 6.6395
2.6157 7.8494 3.8399 5.8434 3.9352 6.8927 2.1547 6.8079 5.4153 9.3008 1.2307 7.6193 1.7676 3.3386 4.5764 1.4587 3.5416 7.7075 8.5677 3.7337 4.1391 1.4183 4.2176 6.0024 1.4465 6.3876 7.9665 1.3524 6.4087 2.0695 3.5459 7.7581 5.9819 7.7583 1.9252 7.9745 3.1376 4.3936 8.9885 5.9045 8.3853 1.3369 6.4007 2.2803 9.1201 2.7611 9.7313 7.9149 4.6539 2.1564 3.4381 7.9234 5.1721 1.2827 6.9716 8.8669 5.7212 9.516 2.7881 8.0009 5.8181 7.6006 6.5333 5.2405 8.1678 5.9888 8.9353 7.5752 7.1044 3.1017 9.0564 5.0765 8.7571 8.264 1.183 3.7034 4.0282 9.1956 5.6344 6.3161
2.8859 1.0055 5.1413 7.9665 8.7621 7.6988 1.2072 2.556 3.6752 9.9217 6.7245 5.2161 8.9083 3.7193 3.0039 6.0096 7.9228 9.8635 5.5135 8.0804 3.4673 5.0995 6.961 5.0865 5.4065 1.8512 9.3813 3.0576 6.6991 6.5638 3.2542 4.6458 7.5827 6.7714 7.9326 6.8022 2.2247 7.0939 5.0977 9.8599 9.309 7.7751 1.6654 3.1641 4.4547 9.8493 7.2009 4.394 8.0256 6.6193 3.8264 2.1264 5.9771 8.6349 2.7607 6.5876 6.0272 9.4797 2.6931 6.1395 7.0685 6.212 5.9529 7.9469 9.4237 8.709 3.6277 6.0691 1.2755 9.1187 8.5316 8.6925 7.2083 8.5155 9.2404 7.6734 1.6747 9.4496 1.8787 9.8419
8.381 4.1322 3.0607 3.6126 6.8507 3.5457 9.0989 9.9636 5.2871 2.9543 7.5025 7.5905 5.7306 8.8433 4.9428 1.2166 5.4825 2.0622 4.5241 1.3291 2.772 2.4122 5.7063 6.3127 4.2031 5.2017 2.1148 3.93 7.1093 5.5412 6.8812 2.2703 6.285 6.4163 9.0108 9.3145 7.2476 7.4376 7.7173 4.4853 3.5869 3.2969 6.7319 9.786 8.308 7.155 1.9581 8.363 5.0372 5.7821 3.2518 3.2172 5.5983 2.615 5.8179 8.4654 9.1774 6.1803 4.4746 2.0213 8.7224 8.1124 5.947 8.0899 3.6271 6.9896 4.3788 2.2909 7.1775 7.4103 8.142 1.7057 2.0725 9.544 2.7699 1.781 4.2782 2.5297 9.0467 6.912
5.9752 7.3674 9.1799 2.4235 5.2437 5.2817 5.8608 8.1254 2.1708 8.3947 6.7456 3.6937 8.3257 1.2528 9.7147 8.8795 8.9534 8.1259 7.6387 4.0614 9.4141 7.0428 3.9305 1.4558 8.9036 7.235 6.7555 2.9357 4.1946 6.5039 2.3423 7.6141 5.1273 9.3638 2.9656 2.8401 6.0327 3.8472 1.0547 2.5317 4.8367 2.8709 8.6553 9.0618 1.9059 3.7875 4.8377 2.9919 7.6354 8.6999 7.1049 2.6778 9.6538 5.7538 7.672 5.635 8.2958 4.3983 3.8795 5.3338 8.1067 6.6597 9.6912 7.8323 5.0143 4.561 6.2965 4.1541 4.1074 6.3255 9.073 4.7084 9.7548 4.326 7.6084 5.8938 1.9435 4.2852 5.1808 9.8931
8.4905 7.5919 8.9371 9.1225 7.472 9.3697 5.1667 5.9694 7.8235 4.6236 6.0238 7.5983 5.4854 8.7636 5.6253 9.3645 3.789 4.2488 9.3394 7.2138 4.6254 8.8668 1.4412 4.1808 2.7681 2.9888 5.8356 2.1626 4.8297 2.4398 6.7818 2.2038 4.2052 8.9848 7.3762 1.7061 7.1763 7.8379 5.2243 8.2231 2.2279 6.1627 7.4267 1.0943 2.7523 6.0554 4.0498 1.6118 3.9002 4.7093 5.7468 1.6358 5.6258 5.7984 6.7636 2.6098 6.443 3.5067 1.5492 4.7611 2.6312 2.8206 3.8627 5.5293 6.0259 6.5421 5.8003 7.0453 9.826 7.6732 4.0444 7.4782 1.0973 3.548 2.5097 9.9501 5.6685 6.1537 1.199 7.4166
4.0766 9.5741 5.0722 8.2582 5.1232 9.7012 1.6323 9.0246 4.6946 1.2116 9.1462 1.2501 5.0689 2.553 2.9693 2.2899 5.5984 3.233 8.7772 5.1361 9.4476 6.9589 7.8877 7.9367 8.8249 2.7766 6.4474 6.5926 3.5968 7.8291 7.2984 2.3535 9.6859 9.8353 7.1437 8.1388 1.2696 1.249 9.0378 8.4157 2.1043 7.0325 7.7335 8.9905 5.4362 3.8919 7.4456 9.3848 9.7447 1.2148 1.5825 5.8653 9.4101 7.4603 2.7639 7.6483 1.6426 8.0352 5.8105 6.6188 5.8488 8.0102 2.5786 4.102 4.66 8.8 1.8653 6.4038 3.0976 9.6076 1.2192 4.6577 9.8981 2.3447 5.4993 9.5913 1.9587 3.5337 7.3708 1.0992
2.6077 9.5817 9.5262 4.7121 9.4363 5.9685 5.2946 8.6854 9.3109 3.3469 7.2424 6.2385 1.147 5.3699 8.6185 3.754 9.4813 3.7826 3.5876 4.7414 4.5232 5.1763 3.0861 3.4245 9.6579 7.8093 3.3359 9.7483 1.2346 9.7205 4.5279 4.8664 2.4473 4.7654 8.8271 5.4351 3.4253 9.4335 3.3384 4.176 2.6616 7.4752 6.8575 3.5175 4.1416 6.7286 2.1743 4.9345 8.6761 9.3261 3.6885 4.3595 4.4026 3.0586 6.8578 9.5505 9.0767 6.3689 9.7385 7.6011 7.0233 4.5285 3.2567 9.2165 8.2665 4.5652 5.9769 6.9659 7.4087 5.5322 1.2839 8.7357 1.4426 5.1084 8.0535 2.4587 2.4135 6.4139 4.4217 5.2787
4.1235 4.6268 9.492 1.9762 7.9051 4.1959 1.7794 5.4163 8.4849 4.3489 1.3402 5.236 9.2269 3.6765 9.6234 9.6206 6.9528 6.3732 1.7541 9.9526 8.1118 1.4974 3.1532 2.452 8.9473 9.0673 1.8983 3.1158 1.124 2.3908 2.5649 9.5386 8.5903 2.1666 3.3559 3.9259 1.1227 5.4965 7.2819 7.6332 2.0851 8.9643 9.5786 9.9093 7.6494 6.5396 2.5245 9.7587 5.3991 4.5966 9.1534 4.3669 5.3857 7.3181 4.7571 7.85 8.7396 5.8278 2.864 1.9258 8.7075 9.5927 5.4269 9.1236 6.6984 4.5614 3.2646 8.7031 8.129 9.5405 6.172 3.2799 4.895 8.0403 7.7803 7.9264 6.3055 3.5513 3.1671 6.3302
2.0495 8.0001 7.3357 3.9376 2.5875 9.3885 2.0986 6.9878 2.7643 6.7486 6.8107 6.6097 5.0302 9.0294 2.5072 7.0586 2.6888 7.7454 5.4187 7.382 3.3666 8.4376 1.0562 2.6931 5.5426 9.6592 8.9168 5.2932 5.3421 3.6455 9.078 1.5687 7.5322 9.5731 1.5074 4.7711 2.2333 3.9714 2.2287 5.1674 5.4137 7.6186 5.2882 7.7737 7.4245 2.5843 9.9575 9.9391 5.1398 5.5836 6.8654 5.4167 1.1794 7.7249 1.419 9.3556 4.7771 6.676 8.6212 5.9035 5.882 2.3494 9.7606 9.003 9.7522 3.16 4.1218 8.4499 1.7647 7.0326 4.3366 7.6656 5.8569 5.6903 3.766 9.954 2.0393 2.8164 3.2319 4.5965
4.8966 7.586 7.0155 3.4107 6.0939 8.0973 1.0044 1.3363 7.2762 1.6899 1.0364 3.6237 6.5668 6.0649 5.9711 1.5111 5.4691 6.002 7.8628 4.9745 9.7551 7.7444 1.7295 5.4637 4.3018 3.2904 8.439 9.4047 7.8444 4.2549 9.797 1.0095 3.5313 6.0215 8.2228 2.6682 6.9528 3.4817 5.2984 1.922 4.1364 6.7004 6.2058 1.7177 3.5107 2.0205 2.9448 2.004 2.6061 3.4549 7.8379 8.0114 7.2621 2.3492 3.2005 3.7646 5.531 7.7664 2.7983 9.9413 4.9014 7.0209 8.1017 7.79 9.4238 3.5642 2.9564 8.9837 4.9353 2.1005 9.1091 2.6577 3.5838 9.1609 7.8584 8.1496 5.0281 5.611 9.7654 5.913
7.7588 9.8646 4.4978 5.1473 5.9972 9.5721 4.0043 8.7052 6.5663 2.6595 5.2776 6.6684 7.7544 6.0209 9.0473 6.9663 9.2514 8.388 6.5558 4.362 5.4963 9.137 3.9316 1.1347 3.6287 4.2522 9.9856 1.9604 9.3457 8.293 1.0155 3.9312 8.8558 1.3459 4.322 4.1838 2.4817 5.3856 1.4226 7.0272 5.5828 7.6359 9.8067 4.7669 5.8954 1.6035 8.0785 5.3239 4.1955 9.1431 4.7296 7.7176 2.9194 2.2399 4.1841 3.3628 8.7526 5.3053 5.508 9.0243 5.0354 1.5254 5.0117 1.7788 4.4171 1.0968 3.0915 6.7989 2.837 2.4074 4.482 3.3216 2.9352 6.0877 9.5922 1.939 8.7196 3.7926 5.0681 7.1842
3.1926 2.8058 9.2522 7.7619 9.3591 7.4599 9.6811 7.7259 2.0873 4.1807 3.1629 9.7776 6.1215 5.4467 5.0466 3.8792 5.6828 1.4009 4.2717 8.811 5.2381 1.6048 5.6555 1.9536 7.7535 8.4818 6.1058 7.8009 5.1915 1.0125 6.3164 2.1311 5.1152 9.1737 6.2789 7.3228 5.3055 8.8296 5.0113 4.0567 4.2242 3.8685 6.6188 7.2571 5.9558 5.2153 7.0409 1.258 5.3079 7.616 1.5565 2.1779 6.1872 6.0723 1.7994 8.0893 7.6644 6.4394 1.8948 2.8325 4.0077 7.6787 3.4433 7.5338 8.1415 4.7224 1.1221 9.2926 6.0186 2.2824 7.4872 4.098 9.5399 8.3573 3.3016 3.3451 4.2653 8.8733 4.9775 9.482
2.9026 7.896 6.4132 4.6367 1.1346 4.2134 4.9286 2.2809 4.5843 4.613 8.8237 8.5103 1.8624 7.13 4.0581 5.1631 2.4194 7.1322 3.5749 2.5986 5.8733 8.5405 7.0199 3.5506 9.6998 5.7262 3.3909 1.5742 4.2322 4.0258 8.9984 5.6943 7.26 3.6719 2.0201 2.1406 9.6947 9.2091 1.0027 1.9113 3.0563 4.3745 1.522 8.3508 4.247 6.1071 3.3839 4.7992 9.2972 3.517 4.5226 6.4461 1.885 5.5767 3.4534 5.8542 2.831 6.3345 4.6309 4.4867 7.3627 6.7723 3.9174 6.2906 1.0822 8.8501 8.7596 5.5013 1.3953 2.6799 7.0946 6.665 8.9225 7.6657 6.2186 5.4837 1.387 6.6735 3.67 7.4102
3.4024 9.6405 8.0752 4.7365 2.6537 5.9852 7.4329 4.51 3.7143 1.8044 1.1626 3.7203 1.18 6.2588 1.1781 8.367 6.835 7.8093 4.1795 2.0132 1.6475 9.0709 1.9897 5.9581 2.4652 7.3388 2.5702 5.4288 9.386 4.6011 3.4055 1.1353 1.0396 5.3313 5.2651 4.2075 4.6021 4.9896 7.4793 8.1238 7.5168 1.8784 4.819 2.924 1.1894 7.7492 6.5597 3.6985 2.0853 3.0543 4.9521 6.75 9.6304 7.6349 2.4131 2.8449 2.2101 7.9727 1.3648 2.8854 3.1376 7.3711 6.1946 9.2627 7.3251 5.6626 8.9146 4.2081 5.4649 6.5547 6.2725 5.0704 5.3212 8.8861 3.9752 1.1604 7.3614 8.5354 4.7318 7.1443
1.7295 7.0967 3.2533 1.5527 9.0026 7.0464 9.8643 3.9944 3.8415 2.4979 9.8463 5.0951 6.4794 6.732 3.3043 3.7729 5.4021 6.8647 8.4703 7.0449 4.5761 4.817 8.8364 7.6757 1.4401 8.8942 3.3359 4.8269 8.9154 5.4699 6.2269 3.6845 5.6878 5.4766 8.5139 5.562 3.6603 1.5145 9.8439 9.3013 5.398 2.5418 6.479 6.8528 2.7205 9.624 9.0916 1.6831 6.8689 6.6163 8.7433 6.1523 1.5242 2.0217 3.6643 8.5928 5.1415 7.7936 8.2428 7.0127 8.8114 4.6812 2.1569 3.0936 4.341 5.4697 3.8718 8.6214 4.7833 8.9518 1.3508 3.4465 3.1023 2.6602 6.8389 7.9049 2.5072 6.0801 1.1826 9.8502
5.005 1.7861 5.5956 5.4695 9.1608 6.9293 5.9851 6.5816 8.6595 2.427 5.7423 2.4637 6.2508 4.2363 8.2803 9.0734 8.0476 5.1109 1.7692 1.1502 9.7526 4.3045 2.7009 1.9319 9.6623 4.0195 8.3036 3.1554 2.4225 7.5763 3.4102 7.7071 6.0884 2.6183 1.6553 7.302 3.893 1.6115 9.7043 2.8568 4.6448 4.4088 5.7164 7.9069 5.8645 4.9168 7.5671 3.5558 1.6074 2.778 6.8616 1.1254 8.9826 7.52 3.5919 2.8361 5.7958 9.9416 4.3301 7.3532 1.855 1.2553 3.8675 7.5013 9.8177 9.2631 9.7589 6.0933 6.5955 4.7896 3.4619 1.256 7.8649 8.215 7.6985 1.4746 2.2815 6.0813 9.6266 7.4947
3.8968 4.9526 9.0583 7.2475 2.3071 2.5141 8.7656 6.8373 4.7162 3.7852 4.9198 7.1773 9.2739 8.6409 6.4533 8.9205 4.6879 8.6189 5.7742 4.9209 9.2512 7.136 1.5921 9.0037 1.1364 8.9366 7.9996 5.0322 5.2902 3.547 2.9614 7.827 5.3192 9.0175 8.2411 2.1242 8.2061 9.4226 1.1447 8.0952 6.2989 5.4077 4.182 6.4699 3.0029 2.0361 2.4643 4.2586 7.5946 8.0906 6.0329 9.2785 3.4036 8.0149 5.2264 9.1378 9.2242 5.2939 4.5063 5.8837 6.8727 4.9543 3.8745 6.8462 1.4344 2.9261 7.488 5.5397 1.8628 7.6637 3.0373 2.3396 6.391 5.2598 2.5372 9.7854 9.3782 8.9885 8.6071 3.8813
80
2.2025 8.2695 6.6541 5.4 2.5304 3.4212 2.7931 8.9841 6.5943 7.4152 5.1713 3.5693 1.8898 1.5062 7.09 6.5985 9.7085 5.7177 1.1078 5.1586 2.0933 7.6811 9.3605 7.9367 3.5365 3.5078 7.2736 4.3059 1.9369 1.4609 3.2287 3.163 4.6799 8.6427 8.4751 4.6648 6.0985 1.5461 5.7158 8.2748 5.3944 7.9929 3.495 7.3902 8.9095 5.6822 9.2969 3.0124 4.7584 8.5134 3.8211 7.7279 8.2054 9.1164 7.9518 8.4274 5.6358 4.19 2.3481 2.7431 1.062 6.5998 2.6463 6.8725 5.2735 3.981 3.8915 5.623 9.5805 8.0251 1.3073 7.6731 2.1572 1.7981 1.2396 1.5081 2.0835 5.0293 1.6145 6.2788
6.9866 6.0698 6.8991 1.74 8.1262 1.9257 9.5353 9.8935 5.5847 7.3942 6.3825 3.9518 3.1488 9.6316 5.4294 4.0299 1.6157 8.4617 1.2979 1.6586 5.1575 6.0406 6.8612 7.0476 7.8684 5.2967 8.6056 5.3039 4.8652 6.6214 9.1509 5.4739 1.4822 6.0167 7.9153 1.1006 8.3624 1.0863 2.8141 7.5825 4.8714 1.7242 5.4929 4.6262 5.7544 7.8421 8.191 7.8959 4.5871 5.424 4.2489 6.1362 6.8219 8.6076 3.7746 8.8455 2.1754 8.3084 4.8688 3.7766 8.4075 5.7103 4.8061 4.2759 7.0961 2.8534 5.4786 6.2603 7.3746 6.3894 8.1212 7.2086 4.1259 1.4112 9.3306 5.1891 5.0458 9.5908 7.2645 6.4082
6.1584 4.615 5.361 9.7951 2.322 7.0334 4.6842 1.4241 1.4744 6.7034 7.1146 7.039 1.101 2.4592 1.902 3.0244 8.3782 8.5618 4.6628 6.1194 4.2792 2.3138 2.9805 2.1711 3.0213 1.7846 5.5467 4.3989 6.7587 7.2826 6.6053 3.1511 9.7528 1.5882 3.2847 8.0651 5.9355 9.7397 6.4216 6.9569 7.6064 6.1518 8.0506 3.7702 3.1801 2.9045 2.7903 7.8645 4.0892 5.5304 5.884 7.4875 3.2692 2.0302 8.4686 5.0268 9.5048 7.0137 4.0524 7.1077 2.3194 3.5453 3.0202 4.0882 8.9987 8.2496 9.9475 8.7269 2.5431 9.8641 3.5991 5.4 9.0547 1.9836 5.5555 4.4463 6.0333 7.4653 9.3899 5.6391
2.835 6.5506 9.7541 3.8138 4.9471 1.1719 2.5476 4.9751 5.2743 4.4195 4.1726 8.1518 9.7279 2.4108 2.1035 1.5589 3.0082 9.5181 7.0165 9.3721 5.3428 8.6627 3.6261 4.7891 1.6556 2.9439 1.2115 9.4038 7.9755 1.9495 6.7719 7.428 8.0541 4.1862 9.6166 2.9328 9.3734 3.0712 5.7918 4.2316 9.5532 7.6662 7.0222 1.1499 4.939 4.0219 4.8835 1.6107 3.7927 1.9285 4.3677 1.15 9.2752 9.2083 5.8926 4.3354 5.1931 5.5358 2.6562 3.6122 3.6441 8.6921 8.6918 4.6996 6.0553 1.2475 9.8158 7.9784 7.1763 7.9932 2.6846 5.6534 6.6056 4.6248 3.1118 5.836 2.0051 4.2895 8.8779 1.6891
9.9051 6.1773 2.3927 7.9297 6.9303 7.0589 5.2006 5.8876 8.7712 2.9979 5.9811 3.8343 3.1076 1.744 9.2542 6.659 1.3814 7.9802 9.7077 7.4517 6.343 5.0211 5.3826 7.3418 8.5155 9.1054 1.0558 6.3418 8.4497 1.2037 9.5962 6.6901 4.9571 1.7178 6.8415 5.9781 9.3453 1.6209 1.0998 5.7234 1.4658 5.8387 6.9724 5.1492 5.1599 9.2799 4.8273 7.122 9.8176 9.2021 5.8851 9.3226 6.9555 7.7632 2.2722 6.1901 6.8011 8.6666 8.1928 4.9837 4.3328 8.4711 8.9499 1.006 8.4407 3.549 3.5123 3.7477 7.6109 7.7162 5.0153 2.9228 7.0411 7.6408 9.6086 2.5341 8.4708 6.0182 6.8436 4.929
7.4755 8.3449 4.9934 3.5616 5.5984 6.2477 7.9003 1.8245 6.0384 2.8213 8.1498 7.8162 4.9626 1.3227 1.8361 7.5868 1.3836 8.2734 7.6311 1.384 9.6253 7.1769 7.5038 3.8691 4.5715 4.2253 3.2791 2.5068 1.8407 8.7695 5.2711 7.3784 1.1517 7.4238 1.4123 1.183 5.1871 1.3962 7.0358 2.5296 2.049 3.3658 4.2537 2.8451 6.0901 3.7324 8.0082 5.3377 4.2231 5.4792 9.6056 2.3177 1.6769 4.609 7.7591 8.3921 6.3679 8.6937 3.1452 2.9813 8.7162 2.0091 2.8635 2.8297 9.8755 6.1144 6.2708 2.9678 1.6914 1.1601 2.7442 7.4573 1.6453 9.7675 2.9295 8.5902 3.0192 2.2499 4.8947 8.3713
5.3522 1.7124 3.7162 8.396 2.4609 9.4007 4.8361 2.6971 9.4522 2.4513 9.5473 9.054 7.7533 9.5198 5.024 5.7312 3.8192 6.9219 5.2764 7.7812 5.9407 5.9282 2.2583 1.2271 7.3167 7.669 6.8349 5.8805 6.9619 3.7576 4.2973 3.6183 4.2828 8.1907 2.163 3.6277 5.9575 8.5905 4.9247 1.151 1.7462 4.3708 6.4683 4.6822 5.8107 1.6324 1.7172 7.0753 8.4933 9.1633 8.8777 1.4809 9.3492 3.2661 2.0422 8.4646 5.7981 7.7969 2.2054 9.7094 6.8265 8.6372 5.4065 9.3518 1.7749 9.8829 5.1048 9.5225 7.9679 9.7861 7.9665 8.5373 9.7549 4.3244 1.3029 5.6412 7.0277 6.1688 4.2653 8.4216
4.9927 4.738 8.1545 5.8795 4.3855 6.6603 7.9724 4.112 4.4941 6.6792 9.8519 7.8624 2.7083 1.7664 5.2519 4.8795 1.2564 4.257 5.3915 1.7108 5.1241 8.7758 2.4694 1.1926 7.3813 3.8684 7.6325 5.424 2.8547 8.5351 1.1084 7.4647 2.3648 2.2295 3.2126 6.8173 9.4525 2.1991 7.6687 8.545 3.0451 7.6899 4.2135 7.5458 2.6234 6.2473 2.1753 8.0023 2.4113 9.5257 6.8545 6.3806 6.5357 4.4059 1.2142 9.5583 8.3266 1.3724 1.3854 1.9036 3.0676 3.6064 3.7675 4.001 8.8266 6.8453 1.3556 7.7712 2.9532 8.4671 9.4578 5.1634 9.8876 2.0154 5.6839 7.853 9.4314 2.3746 6.6057 8.795
9.1147 1.5474 7.6586 4.0 9.5356 1.033 8.2205 3.9999 4.0544 8.4827 5.0121 8.2871 7.4523 9.4363 7.7674 1.525 2.3696 9.7916 5.9669 8.8622 5.4483 6.2447 7.2842 5.8558 1.515 4.0477 7.4428 1.515 4.9861 8.2013 7.603 5.8829 5.0219 3.6688 9.9158 8.9259 4.7604 2.6214 3.2571 7.7993 6.4515 5.6255 2.4333 8.0552 9.8051 2.8557 1.2668 2.8581 1.3779 1.2208 8.9853 2.3346 7.7929 5.267 5.0039 1.5557 2.0894 6.065 1.1954 7.1325 9.6797 3.156 7.1982 4.3894 1.6872 9.4064 9.3563 2.5738 9.1913 6.9489 4.9026 7.4913 3.7872 3.3819 4.2808 1.5163 9.1911 9.095 3.3587 4.1177
1.113 5.922 7.3104 1.2472 6.9544 3.121 2.3346 2.4082 2.9528 4.6588 6.7261 1.9511 5.9253 8.9194 6.423 3.3704 2.7275 6.8666 9.0038 6.4371 6.6272 8.1087 9.3369 3.1036 3.7578 9.6224 4.5372 1.4498 1.6487 4.7628 3.8925 7.5128 1.6857 5.2838 1.9108 5.2241 7.2538 1.493 4.1526 7.4233 6.9128 5.921 2.6675 7.7769 3.9731 9.2267 6.4332 2.2019 7.9119 4.1514 1.7263 8.3861 4.6794 1.2074 2.0461 3.3446 9.8439 4.8338 1.5376 1.2647 9.3575 1.8746 2.9807 5.6407 7.5877 9.3268 2.5368 7.5076 5.3244 4.0475 5.3392 2.9612 8.0726 8.4365 5.1897 1.3506 6.0736 6.2498 6.1242 8.51
6.5369 5.4142 8.1831 2.5194 9.3221 4.154 5.6593 8.0078 3.2476 7.3801 5.3968 1.8455 8.0052 1.493 9.7981 5.4184 3.1326 2.4874 1.3646 6.9288 2.9849 7.1836 1.5035 2.5964 5.3352 6.4731 8.1166 6.1658 5.9024 8.3626 7.8703 8.2127 3.0381 1.639 7.9862 8.9699 3.0033 1.8368 9.0834 6.3632 2.1036 1.6002 3.0261 2.9407 4.8666 3.9794 4.3217 8.7399 6.3042 5.9751 9.6132 8.6482 3.486 4.8174 9.2556 2.4786 3.5953 5.1954 9.134 8.1734 4.7045 2.8153 7.2934 4.5022 8.0116 8.3736 7.9147 3.6969 1.0321 9.2824 8.5763 9.699 1.4813 7.9213 9.7409 4.767 4.8742 5.5032 2.979 5.959
5.4711 2.6125 2.7015 2.1824 1.1806 3.3544 4.644 3.1903 2.5869 9.7383 1.5012 1.2961 5.3789 4.2187 3.9629 9.1215 3.8183 5.7576 3.2565 8.7878 1.1859 1.9515 9.6522 1.9237 9.0362 4.8272 1.4083 4.855 2.8045 4.9646 5.2899 2.9813 1.2247 3.8297 3.6648 1.5451 1.9851 1.5165 7.3788 4.6229 6.9092 6.73 7.3305 2.3024 9.7124 2.3379 5.5416 7.8961 7.6614 6.1458 9.2735 3.6818 3.0169 9.852 5.5695 7.906 9.6248 5.5154 8.5791 9.2058 3.029 5.5514 7.184 2.5607 3.9939 7.5906 9.8609 4.7221 1.9222 1.7828 2.576 7.4125 8.1639 5.0101 8.9828 4.2832 5.1751 4.5098 9.9029 7.8868
5.7702 9.7657 3.7691 1.6333 1.4698 8.7671 1.5448 3.0399 7.8105 8.4733 2.1483 4.0366 2.1246 2.4801 7.0053 6.7502 9.7323 3.9306 9.9084 7.8069 8.2143 8.8681 3.9173 2.7939 5.5242 2.9981 2.1876 9.0598 6.3848 6.5103 4.705 5.9468 5.1593 9.1014 3.4995 9.6064 7.1265 2.9966 4.3269 6.257 9.703 4.6968 3.6572 2.4043 3.7567 1.8988 4.1374 3.3124 3.9788 2.8019 2.799 8.5293 3.2253 3.9344 2.6994 9.6009 3.5293 5.1716 9.2895 2.0818 7.8132 3.3017 4.5595 8.9198 8.8228 6.0597 8.9013 9.5431 7.7159 1.7137 8.4629 1.9478 3.9528 9.2204 8.0072 6.4045 4.8505 6.1526 1.333 3.1086
1.5711 5.6505 4.327 7.3292 5.3047 3.3554 5.972 9.0405 8.0552 8.9211 5.3058 1.0072 4.4004 5.1195 8.1249 4.7383 9.1499 3.3523 5.4355 9.6735 9.0598 2.0132 6.7499 7.2242 5.4108 9.9427 8.8089 2.229 5.9571 6.8792 9.2962 5.123 3.7586 6.4893 8.9605 5.2452 4.3661 2.3742 6.0874 3.4683 7.1421 3.0304 8.7812 1.1073 8.7043 2.2059 9.8142 4.7543 4.1052 4.2902 2.3191 6.5772 9.7858 3.6593 3.5256 6.759 1.7108 1.2659 7.7074 2.9188 2.3677 3.506 8.2205 7.2349 6.681 1.5585 9.1386 5.2934 4.9969 7.7935 9.599 7.4334 2.7673 8.4131 6.1904 7.0095 8.2421 8.8522 7.7252 8.6077
9.282 6.2862 3.7542 2.5984 7.3839 7.2646 3.9518 3.1452 6.6287 7.4856 9.622 8.0469 3.7008 7.6654 9.2589 8.58 1.5127 1.1981 6.759 5.0398 6.9819 2.6729 4.1391 3.3281 2.4092 4.364 8.6387 2.9811 8.727 1.0466 9.7078 7.6588 3.5316 3.4907 9.4271 9.2984 8.8666 5.5101 4.82 1.5264 8.2135 7.0159 4.5765 1.2511 9.1533 4.867 2.7766 9.1779 3.0154 8.5026 7.7817 5.2752 8.239 4.3781 9.6532 1.3928 9.894 4.1069 4.1449 4.9103 2.1635 7.2835 8.617 8.2295 9.5006 3.2231 1.9749 9.7633 9.1014 9.6514 2.9933 3.8059 6.9408 9.2023 5.3068 8.3403 9.8909 2.8456 2.9784 2.1654
7.3603 8.3049 7.8123 3.0374 8.5013 8.0952 2.3425 2.7175 2.6486 9.16 2.8225 4.9643 9.234 8.3445 2.318 8.233 3.2293 9.3581 4.7632 4.1836 8.3565 2.5889 7.4756 1.5359 6.3518 1.259 7.9633 2.202 2.6186 7.9161 9.2837 7.9657 6.7466 1.7099 7.3786 8.0806 3.5173 4.086 9.6771 7.6857 4.5014 1.5158 3.9986 5.8861 4.7114 6.1707 7.9682 3.566 3.7894 1.349 9.3935 9.11 4.8166 3.6484 2.806 7.7484 1.521 4.7345 8.3657 3.1558 9.6036 5.3739 5.9988 8.4798 7.4614 7.3964 6.466 2.7974 3.0018 8.594 1.7785 7.1565 5.8262 3.6128 9.4161 5.571 4.2057 6.0769 8.4352 2.6862
1.5236 2.7305 5.4241 1.6306 7.0597 2.8551 1.4064 9.5838 3.6049 1.1047 5.3178 9.3678 4.1846 8.1195 1.0959 8.6462 2.1933 7.3058 9.7987 1.7892 4.0686 4.557 3.5756 4.5215 6.6721 6.0819 5.2552 6.3936 5.562 1.137 9.1669 6.5336 7.3696 8.7171 8.3801 8.6137 4.8824 1.5469 3.298 9.1369 2.5169 5.025 5.5215 3.2599 2.4876 6.7104 9.0292 1.2438 5.6402 2.3904 8.543 6.8068 5.0478 6.976 8.2255 7.1279 2.6528 4.3417 3.815 6.5548 2.1355 4.6813 5.148 1.7975 1.0664 4.9866 5.5778 4.5633 8.7693 2.1373 4.5722 6.5059 5.3102 7.9566 8.9754 6.3157 1.7191 9.4681 6.9616 8.5655
6.5467 3.8878 3.7117 7.9685 7.0727 8.0203 6.2144 8.0449 5.3903 8.5023 8.1594 1.8988 7.3945 2.619 8.4688 8.5497 4.5475 9.8919 9.2347 3.799 4.1958 6.8582 6.5634 6.012 2.4612 2.9388 9.1223 9.1247 9.1375 4.2742 8.9391 2.3763 9.8018 3.5962 9.6358 4.5853 9.1214 6.976 7.7489 3.9016 7.0857 6.3505 4.1336 1.2181 1.813 9.1244 7.0553 4.3938 9.6487 8.7806 3.9589 7.2751 7.1114 3.6251 9.3275 1.5188 8.4435 9.5457 1.3267 7.2417 8.9925 5.4561 6.3592 8.7711 9.7065 9.9392 2.204 4.3632 8.0678 3.2566 6.6444 3.9011 3.5812 3.8183 6.3334 7.0162 4.8488 9.5527 4.0125 9.5204
3.0758 9.1518 4.6622 4.3248 3.8988 9.1617 6.801 1.9848 4.6302 1.2199 8.2095 6.2887 2.9407 9.0592 4.6339 2.8466 2.9825 3.9612 2.3315 8.0022 1.2583 2.4286 1.8459 8.173 9.0441 3.6496 6.8468 7.6828 9.1103 9.0288 1.054 1.0183 1.1493 3.2261 2.0179 4.3898 7.2056 5.4168 6.6091 1.9673 2.6011 6.7358 9.3214 1.7426 7.8018 2.3135 6.8391 9.4218 7.8227 1.2043 5.6993 8.0146 8.8079 3.2598 6.4995 1.8263 5.8349 9.5339 4.6015 6.8053 4.9023 7.156 2.7185 1.9038 8.2043 4.5917 2.1777 1.9204 9.7592 8.8322 1.1872 8.3083 9.6609 3.7737 1.2038 6.5476 3.9659 9.478 1.9083 4.9064
6.4201 6.7479 3.6227 9.7036 6.6773 3.7978 1.8703 6.4365 5.0209 1.3842 4.1218 5.1067 5.5438 5.842 4.7204 7.5957 8.5116 5.7492 3.0058 2.5333 6.0836 1.9682 6.4196 7.2024 1.4468 9.8706 7.6697 4.0543 6.2924 7.7672 3.4007 7.2175 8.8247 8.343 1.591 1.2383 7.9589 5.4778 2.5492 5.7366 5.9864 2.0328 6.0733 9.1351 1.2545 8.542 4.7038 5.2521 6.791 3.2264 3.3533 1.8685 8.1444 3.272 6.6708 3.6347 3.1866 6.0635 6.1517 4.6782 4.6108 1.2552 6.6408 1.2662 2.2985 3.6577 8.9013 3.9132 4.216 4.1517 6.9149 6.3396 5.095 2.8426 7.4956 4.3838 2.0069 2.86 4.8324 3.5533
5.2678 9.6898 9.0808 4.5222 6.1572 2.4626 1.2449 4.3778 5.4488 1.6881 6.3439 6.3476 3.7845 9.3207 2.3656 3.7758 1.6429 6.3379 6.8089 2.2917 5.8831 6.8467 9.4807 7.4367 9.2065 3.9933 4.7946 3.1349 2.8107 9.6605 8.9004 1.9348 3.1047 9.0232 9.2216 7.5933 2.5723 7.423 5.2698 5.3239 8.7914 5.3263 7.5053 5.4263 9.0139 3.3688 4.3197 7.0645 1.6763 1.675 8.362 7.149 7.4749 7.784 9.6735 8.0079 4.865 3.8112 5.1191 5.8723 3.3309 4.5756 2.6074 7.3158 4.8756 1.4592 1.7706 4.5951 4.1965 5.8791 2.8139 5.724 3.2566 9.4796 3.3231 9.4294 4.5545 5.7511 3.6387 5.19
2.8717 6.0136 5.1345 6.5402 5.9063 5.1757 6.401 1.4647 1.585 3.0846 3.1742 9.1761 4.7531 3.1683 5.8751 2.8394 6.7612 7.2124 6.0246 6.8533 3.1552 6.8318 3.8273 6.4492 9.1588 5.5731 6.7857 3.4853 5.3156 4.9251 8.307 8.5992 9.3294 9.6019 8.8824 4.411 9.1481 3.7321 8.4603 8.3495 6.7843 3.3391 6.9699 4.2287 3.6686 4.2136 1.8074 5.7325 7.8002 7.9815 1.2864 4.059 9.6221 1.6832 4.4914 6.0303 7.8415 8.5082 6.3235 2.4596 8.5169 9.9573 6.4234 4.0022 5.632 4.9239 5.5289 9.1321 6.8282 2.0402 7.0817 1.4299 5.3023 4.1992 7.2354 6.8131 1.5532 3.5966 9.5835 5.9535
6.2438 6.6639 3.9397 5.082 7.2589 9.5334 6.3397 2.1619 8.6655 8.5535 6.5304 5.6073 8.0352 4.4275 1.817 9.9586 7.9984 6.6509 2.6725 6.1344 6.0788 9.0929 5.3396 5.3208 2.2337 8.1286 7.6931 8.7571 9.4912 8.7405 1.6581 4.96 6.351 8.7905 1.9777 6.9211 9.8601 2.8962 6.3598 3.5295 6.6314 7.3025 3.8044 2.5399 1.7382 4.1448 2.3001 5.6853 2.6261 7.8193 7.8214 4.8279 3.6118 6.6561 9.6684 5.6838 9.5697 9.7558 9.4747 3.1137 1.9846 1.7383 9.9542 8.6138 9.5795 5.4396 9.4605 3.1014 6.1952 9.4011 6.4424 3.5733 9.2459 9.849 8.5212 8.5516 4.6513 4.5613 9.5218 2.4604
5.1945 9.8543 8.5691 5.0039 6.9236 5.45 8.2434 8.4954 7.5117 5.0911 7.4312 7.6914 7.1966 4.9179 6.5186 1.6975 3.8476 3.1568 9.0571 1.9958 4.4222 7.8804 8.3671 8.5321 9.7861 7.6867 3.0557 4.0522 5.6079 7.7675 9.2279 3.9747 4.7684 9.3445 1.1679 7.9982 3.5373 2.0593 8.8981 8.022 3.9099 8.3294 9.5044 6.1109 8.3602 5.451 6.8642 4.8769 5.4892 8.8306 9.6596 9.5595 3.8773 4.4385 6.8577 7.9737 8.4343 9.8278 3.8944 5.7388 5.8175 2.3269 3.2493 1.7064 1.5976 4.7172 1.4217 3.7883 4.1791 4.0888 4.6742 8.8048 6.2787 7.5652 8.3288 1.2425 7.0315 9.0172 7.4849 5.8678
3.8302 7.7493 7.5396 3.6531 5.1939 8.7879 5.6506 9.8755 6.4388 3.7486 4.603 9.6984 7.6976 4.2471 3.389 4.0678 9.2803 8.0428 6.0383 2.1836 6.1258 1.7322 3.9427 2.5965 4.6075 1.2581 8.1318 1.9407 7.3933 8.4677 1.6742 2.9883 7.7179 6.905 5.3274 3.2423 3.1914 4.4259 4.2344 8.3955 6.9889 7.0422 1.2427 4.2549 5.3706 4.4321 7.7699 4.9461 5.9025 9.9135 9.8569 3.5617 8.85 5.1901 9.53 5.3333 1.36 6.3117 2.9176 2.2332 5.5465 9.7355 2.9458 6.0903 7.3605 5.2058 7.1918 7.85 6.3587 7.1999 2.3211 7.0081 5.5561 4.1803 2.9649 9.145 6.4271 3.1454 9.6841 3.4825
5.067 9.3569 1.248 9.6687 8.9985 8.5906 3.1694 6.2385 1.1244 1.6619 3.5661 2.0266 5.0859 6.8844 5.0142 8.8023 5.4492 4.1283 1.8968 9.8506 8.7926 4.9382 9.3278 9.9546 9.0513 4.329 8.204 4.2245 4.732 6.9438 4.9477 6.2755 9.6002 1.3002 3.1152 2.8731 5.1517 9.7132 9.5232 5.449 4.8549 1.1529 5.6066 2.3664 4.6452 9.3715 4.9731 2.6432 1.3261 5.497 7.4401 8.3495 5.7666 4.2977 4.9072 6.4485 6.13 5.2323 1.9684 2.072 3.2626 3.0547 7.8241 4.9921 5.338 4.0872 1.6571 9.8708 4.7942 5.9808 5.7334 4.3775 7.922 4.3628 6.2014 2.2169 3.1218 8.8189 1.524 1.0433
4.8447 9.1104 3.5206 2.9012 2.7969 1.2471 4.5351 9.0288 3.4557 8.5837 5.1851 5.3146 1.0523 5.3985 3.3203 7.1013 1.5316 6.3375 4.4077 1.3272 5.7922 6.8681 6.7237 2.8282 3.125 7.2652 9.458 5.8951 9.2484 6.0709 9.129 7.9338 7.0767 1.307 1.9334 3.3663 4.5045 3.887 8.4605 6.6374 2.433 1.2472 2.4137 3.1223 4.5799 3.6566 6.8318 2.8352 9.7754 6.4629 8.6378 7.334 6.5973 4.8138 5.3849 1.2338 7.3763 5.0321 1.4674 1.8916 7.3875 1.192 3.4457 4.634 3.7614 4.1494 1.1531 7.2665 9.9672 4.2098 4.8521 1.7804 5.7019 9.5487 9.8174 6.9025 1.1123 4.4519 7.7632 9.0226
5.4113 6.4083 6.2951 3.5121 9.0352 6.543 4.0438 8.7693 4.1804 2.4088 6.042 9.8478 2.9146 9.7876 1.0852 7.6498 5.6015 8.436 7.0566 8.2492 7.9312 4.9806 6.0785 8.0694 4.5136 2.2692 2.2495 7.9963 5.1315 3.3842 8.3058 9.2179 3.9092 6.3429 6.4863 8.9456 1.0774 8.3133 2.1973 3.6411 1.0275 4.3643 6.8069 9.2149 9.56 6.245 2.1 5.3232 9.7577 3.2546 6.1832 2.3901 7.9267 1.5851 3.6024 4.4463 1.8364 2.803 3.7905 7.0702 2.8802 3.9486 6.3907 1.7888 9.6325 1.5927 1.146 4.7875 7.6417 3.3836 7.6354 9.3943 3.1521 5.4147 4.0015 6.0808 1.7707 4.9303 9.853 7.3757
3.0999 2.4421 4.6305 7.2567 5.3331 1.3994 9.6674 9.7671 8.2146 2.6374 6.8218 2.7872 8.5844 8.7369 6.5138 1.8521 6.4331 6.0591 6.9213 8.5221 7.6176 6.5754 7.0259 4.4007 6.2264 9.9627 3.2304 3.188 8.3386 3.8221 1.5847 9.623 9.9204 6.7972 5.9268 7.4035 3.8385 2.0813 2.5326 6.1696 4.0181 5.6508 4.5201 8.6507 1.3498 3.6879 4.0056 4.5219 2.0448 6.8294 9.0112 5.2908 8.1858 1.7043 6.7135 8.7846 3.941 8.2057 9.6457 8.0553 5.3472 6.5021 5.5496 4.3018 4.8113 2.1194 8.2335 7.6734 2.9935 8.429 7.6358 6.8303 5.3649 8.2837 6.5644 3.898 4.2512 7.3593 9.7206 9.0781
9.3682 2.951 5.2927 9.8728 8.2764 3.4936 8.1343 8.5122 3.9672 8.5439 3.8438 7.253 2.4921 4.368 8.3118 4.0186 4.747 4.6302 5.2668 8.9451 5.8285 6.6035 8.7246 1.6351 7.5303 5.3506 3.2744 5.1349 7.3038 7.2849 8.0274 8.9141 8.4019 5.9213 9.634 8.4039 3.7923 2.2485 5.0224 4.8003 8.6138 7.6518 1.5549 6.5957 5.6813 6.2757 7.6342 2.3338 7.3817 5.7002 2.8599 5.2626 4.6214 8.9252 5.2334 1.6 3.9733 9.0634 8.4448 8.604 9.1218 1.9734 2.4981 7.8096 6.6979 3.477 4.1271 3.151 8.7348 2.2909 4.4597 6.5678 1.6583 4.7548 8.0781 8.1623 7.3752 1.4104 2.0138 1.5999
9.0545 5.3649 4.1251 4.9152 6.1664 4.3308 1.9804 3.7654 9.1541 3.3868 5.567 8.6451 7.9773 1.3287 1.0732 1.5629 4.5763 5.5657 4.1991 4.3406 4.9833 2.7735 7.542 8.7243 7.526 1.1147 2.6013 9.2344 7.2278 7.47 8.6873 7.5416 2.384 9.6439 8.1468 6.5056 1.2002 4.3056 4.8711 6.5296 6.8138 9.6005 6.9635 5.9161 8.3494 6.6365 4.4276 7.2889 5.4867 7.9123 2.9004 9.3572 8.6315 2.5107 3.6661 5.7613 7.6322 2.3759 6.9055 4.0537 2.924 6.1015 5.1863 3.0442 5.8683 9.8317 6.2486 4.9545 7.6831 5.7427 2.9671 5.7117 2.2067 5.242 2.5909 2.1075 3.2328 1.2504 6.0697 4.1212
5.507 3.9914 2.9033 8.564 1.9493 4.1443 1.6794 2.8456 3.8999 7.6527 1.6019 4.037 4.5992 5.8045 2.2749 6.9139 6.6412 7.3738 4.3435 4.9567 8.5779 3.091 8.1048 4.4186 2.1095 2.8403 3.1301 6.0099 7.3351 3.4724 8.8241 7.1676 9.2953 1.1945 9.6378 6.4226 4.1667 8.8927 7.758 9.0716 8.4921 8.1972 6.1931 6.9714 8.6123 3.8045 1.3843 1.9161 3.3737 3.1743 5.186 9.1968 4.897 2.0795 8.9987 2.4496 1.4077 1.7675 8.4696 5.3977 3.3517 6.2735 8.5852 3.6961 9.1254 9.8283 7.9144 1.9443 3.8005 7.8003 2.6199 9.963 6.7044 5.9644 1.897 9.6302 8.5357 1.3764 6.5076 5.4302
3.1275 2.5595 7.9363 7.7172 6.7932 5.681 1.8785 8.8331 1.0025 1.7044 7.6554 4.7772 8.6585 3.7076 1.1679 4.4222 2.6057 2.3444 4.5083 3.6031 8.5308 9.0544 1.2577 7.7404 9.3207 7.5334 8.5517 3.1945 7.0572 2.6096 8.8354 1.8525 7.8469 8.2559 5.3341 2.2497 6.9092 1.2269 6.2734 7.6355 6.0763 8.6801 9.415 9.2707 6.6923 2.5567 6.1189 1.3794 3.3027 8.8669 5.9849 1.2181 8.8573 5.8705 5.634 3.5892 6.6504 5.8168 6.2593 2.8225 2.1395 3.415 1.1414 8.5679 3.6216 6.2568 6.6956 8.0275 5.6343 2.4025 2.2796 3.608 3.6972 8.4658 4.9496 1.1033 2.9509 3.468 4.5956 2.9895
1.3893 4.6609 8.102 2.657 5.499 8.4079 5.4557 4.9988 9.5116 5.2884 3.0245 4.473 1.7942 2.4533 7.7104 7.0483 9.5733 3.6012 8.5618 2.5718 9.4139 7.5433 7.2867 9.443 8.6122 1.2879 3.6888 3.8874 6.2762 1.4166 8.9176 6.4535 4.0977 1.8185 1.4474 9.4141 1.9508 9.6956 4.4598 3.3443 3.5985 7.1424 9.2958 1.0506 2.9734 9.0268 5.7219 3.6133 6.9812 3.271 2.5316 7.1833 1.5096 9.3565 7.5957 5.3179 5.4453 2.2772 5.2377 6.6357 6.1489 8.1826 6.7781 3.1475 2.688 5.5117 9.078 3.6261 1.8898 9.5164 6.6407 6.1361 2.4209 1.705 2.5934 6.8088 5.0864 3.5724 4.8297 3.3388
7.1321 4.4584 1.8815 7.5883 4.2979 5.474 2.8007 8.7962 4.0571 2.6961 4.0716 5.6461 4.3505 7.5134 4.1135 3.4717 9.0663 1.716 6.0695 8.6703 2.4223 1.4353 4.1223 8.5392 4.0414 8.3963 5.0347 9.2617 1.3545 4.8447 2.3579 4.2601 4.1207 3.2124 2.5189 6.7012 6.3428 7.9187 8.2341 2.4739 5.3742 4.3944 9.8022 4.5144 1.8842 5.4402 2.517 5.5502 3.5139 1.8779 9.7644 7.6571 5.8944 6.3452 9.1521 1.3783 9.7127 8.9266 7.9282 3.8478 2.5603 9.6482 6.5055 3.4656 8.2448 5.2459 7.5613 5.589 8.6586 9.8888 7.129 2.0456 5.1247 8.8616 5.7389 8.2489 3.2842 9.0805 7.8331 8.8514
1.2616 3.7748 5.5612 5.4614 9.021 7.188 5.4698 2.8477 1.5269 6.8762 7.0626 3.631 2.1345 1.4875 6.0227 2.7428 1.5378 9.6177 4.6501 4.0969 3.9159 7.4037 2.763 6.7043 4.3677 5.6112 6.3585 8.9392 7.1381 7.2329 1.7754 1.1123 1.8296 8.788 3.0473 8.3563 5.4832 6.7128 8.9769 2.1798 7.5563 5.6412 4.0421 8.1495 7.6988 4.4045 7.4139 1.0465 7.0037 7.0189 3.9397 9.5383 8.135 7.0472 8.8323 7.4303 5.0812 8.869 7.1453 1.978 7.2535 9.1178 1.6354 3.104 6.7401 8.2881 4.8468 2.2602 1.632 7.6611 8.3875 4.7642 6.9308 2.6062 3.2822 8.7959 2.3071 2.1159 8.3581 6.3298
6.6188 2.4728 3.0411 2.0005 1.2974 1.0541 1.4678 5.7473 3.8948 5.4209 3.4778 5.5645 3.8609 9.4565 5.0414 3.7934 5.225 4.9543 8.0323 7.1255 3.8118 3.4467 7.4607 8.6073 7.4876 3.7298 7.4811 7.5401 7.6036 7.6664 1.6078 8.5931 1.856 4.3538 1.5591 1.6238 5.4832 8.0848 7.4052 2.2061 3.1441 9.958 7.3822 7.5269 3.7526 7.8801 5.9373 3.2912 7.0645 7.3532 2.8099 4.0129 1.3745 2.1049 3.7262 3.7551 5.1169 6.4732 1.8447 8.7309 2.7122 4.2711 4.0456 4.6309 7.2587 3.566 1.8892 1.3654 1.0689 6.4253 6.295 5.0941 1.6721 2.0601 3.4761 7.6266 3.3495 9.2008 2.7767 8.4232
9.0028 1.2564 4.9296 6.1985 1.7811 8.5001 1.9406 3.2876 4.4322 9.2325 4.2468 2.954 6.8912 4.1721 1.0594 1.8193 9.331 8.8116 5.7388 2.09 4.8184 7.9162 9.3781 3.682 4.6291 9.542 5.1337 5.6222 2.9135 2.1764 6.2038 9.8282 8.863 6.3317 9.8112 2.5913 6.0157 7.4343 9.8758 9.3846 8.4198 4.2019 3.8432 8.3265 4.4265 6.9627 1.0505 9.5086 6.7119 3.6359 6.9155 3.6227 8.5239 9.6841 4.547 6.1731 4.629 8.7894 9.4179 3.4936 3.0108 1.9618 1.6869 2.8691 2.3323 4.8896 1.8448 6.2989 1.1176 5.173 8.2792 8.1422 3.5783 4.1794 6.2001 1.5995 3.604 6.0081 1.3899 3.1774
6.7085 5.0223 7.9069 7.3064 1.1669 6.0891 2.6339 1.8814 4.0559 6.5725 3.6458 4.5472 4.8068 4.4261 4.7474 9.8832 8.6817 2.3978 5.8518 4.0348 9.7003 9.733 7.3262 8.1932 7.3467 4.7667 7.7637 2.6333 2.4549 2.379 9.7979 9.092 2.8888 3.649 1.2111 9.1919 8.8725 2.8268 6.4511 9.2753 9.2033 1.4951 4.033 2.6828 4.6353 9.6311 6.7954 5.0083 4.5411 5.9939 6.9327 8.8541 9.4721 3.8312 8.8533 6.3367 1.3579 4.3828 7.6907 5.0504 4.191 4.4205 4.6963 5.4417 5.2448 6.9594 3.1245 2.8917 4.505 9.1559 9.9886 3.9063 2.312 5.6829 9.4702 5.2958 3.1037 5.2444 9.1183 2.0636
8.1387 6.1144 2.9234 8.5622 1.3857 1.0567 9.0021 8.9242 1.4945 3.2418 4.2701 3.1998 4.8673 5.616 8.2844 5.9006 9.5304 6.6005 1.8428 3.2053 1.2745 5.8317 3.9635 8.7707 4.5722 5.8651 8.4742 9.4835 9.0011 4.9179 4.5231 3.006 4.203 3.1501 5.4531 9.4997 4.5098 1.7209 4.4423 3.2839 5.6917 8.7889 3.8045 6.1011 2.3518 1.1974 5.3076 7.3241 7.7319 5.2786 3.0463 2.7371 1.1461 9.8021 8.3799 5.5623 4.2293 5.5921 3.6227 7.375 8.6561 3.4353 7.5394 4.3982 9.0423 9.85 6.8663 1.2721 6.8065 9.4454 9.3162 8.5936 1.0652 3.5067 6.876 2.1972 1.8534 5.5314 2.7585 4.3034
4.9452 7.732 2.1355 9.9293 8.6606 2.8991 9.3931 5.082 7.7727 6.3967 3.0331 6.139 2.9572 5.4744 3.726 4.176 1.4662 5.7269 5.5307 6.6383 1.4249 1.5282 7.1508 7.3719 1.766 7.4702 6.3544 2.1046 3.5118 1.2585 9.4383 7.694 5.203 4.0194 4.1368 6.9155 2.8865 4.7313 8.459 1.5691 5.92 1.7255 4.9402 3.5873 1.3145 2.3316 9.938 9.9422 4.858 9.5819 1.2784 4.225 2.4801 1.0268 5.8577 8.3385 9.3903 3.901 8.4905 1.5912 1.4059 5.436 7.9721 3.4186 6.5295 5.3092 1.4782 2.1986 3.1745 8.7513 1.5383 5.6553 5.5209 1.1614 4.0995 9.5881 4.3073 5.0389 5.0197 1.7957
5.2457 3.5646 8.2851 4.2475 8.952 9.8928 7.1458 2.8788 3.9334 3.0849 8.8933 5.9689 4.4717 7.2996 8.6857 2.0437 7.4999 9.2183 4.5795 2.553 8.9659 7.1234 5.0427 1.0088 5.8861 7.3819 4.6105 6.4991 9.7183 8.8134 4.7528 2.1075 1.9433 3.0124 1.2412 4.084 9.2617 8.0008 1.377 3.0035 8.5839 2.0149 4.4124 1.8349 7.5845 4.4536 6.0092 3.0369 2.5945 5.5767 8.6988 1.0976 5.8597 2.1927 7.8298 5.6012 5.4973 7.6836 4.1033 3.5693 8.1501 2.3267 7.6477 4.396 7.4359 2.7284 5.5852 6.3747 4.5024 4.7169 4.3136 2.7417 3.4973 5.6406 1.956 9.0836 3.8077 7.9193 5.2151 8.1356
8.512 6.9757 5.1343 2.4299 2.2252 1.9507 3.1437 9.5783 7.3134 3.7518 4.4517 9.0374 1.0979 1.6689 9.6398 1.6806 2.5437 5.2567 2.8428 4.7688 4.6663 5.1483 4.8944 3.4749 3.602 8.0674 6.5893 8.9655 2.0481 8.6019 4.0453 1.8079 4.044 2.1967 9.7766 6.5008 6.8899 9.0943 3.3444 7.5399 6.4592 1.9079 8.3137 8.137 8.0197 7.1241 8.3596 9.0622 9.4263 8.1303 8.5807 4.7775 1.9722 5.6063 8.2344 6.7201 6.5594 9.9449 9.3988 2.0243 8.9084 1.8226 7.8028 2.826 4.7774 9.6191 1.741 1.4341 5.8912 8.0074 3.9296 1.7636 3.8082 7.1405 6.7465 3.7393 8.8464 7.4263 9.2987 8.6375
5.9687 3.8223 5.2845 7.2488 8.1849 6.4042 2.8235 4.7643 5.0953 5.6114 4.9954 4.9531 4.1093 3.4064 3.4064 6.1703 3.2294 5.8611 9.5101 8.5496 9.5868 2.2873 5.0922 1.143 1.9762 8.641 4.99 5.3553 6.682 2.0752 3.2268 4.3869 1.18 3.2225 2.5397 1.0368 3.9542 9.5477 2.627 4.8811 7.0022 8.8477 4.1212 9.2257 4.7236 6.0371 8.5514 3.6446 7.8417 4.9782 1.6399 8.9448 5.6171 1.9478 4.0466 8.9347 2.8974 5.1346 1.333 8.942 9.9137 1.9855 7.8177 6.649 7.427 9.8409 4.9791 9.8821 2.1485 4.938 9.5361 9.8154 1.3316 1.3778 6.4593 8.2 4.677 5.64 6.0899 1.7693
2.816 3.2736 3.3881 6.8167 8.6477 1.3934 1.1874 5.0348 2.0216 7.9279 1.1867 6.5604 6.9435 9.0706 3.5596 5.7405 4.1981 7.9351 9.1163 2.0641 8.1964 1.4906 3.4488 8.7842 5.9802 7.528 1.9819 6.9784 7.4269 4.2532 3.2285 5.2301 5.4934 2.0955 3.5142 6.7012 3.077 4.3699 7.9836 3.6068 2.2888 9.4395 3.1656 7.7813 2.7989 8.337 1.7688 2.1444 4.5624 9.0349 1.516 2.2249 8.7938 7.0496 2.213 6.0629 4.9743 1.4132 9.4343 7.3953 1.4472 5.6052 8.7717 5.44 4.7716 3.6997 9.4102 6.3401 1.3187 7.8977 1.6016 5.3398 4.0813 3.1072 3.7829 1.0274 3.5975 4.2289 3.2799 7.7538
5.8415 9.8193 8.9128 9.1404 3.2044 4.8548 6.9323 3.1082 4.1542 4.742 8.4281 3.9491 4.8261 8.2278 7.3295 7.8708 6.7262 1.1771 2.0888 4.6339 9.2096 7.7267 1.4673 2.8344 9.1934 3.78 2.3655 9.553 3.7607 3.8394 1.2086 5.0584 4.5467 4.928 9.5385 7.743 7.9519 5.0951 8.6009 6.5012 7.378 6.8419 9.2796 4.7115 2.5262 1.1431 6.2528 2.9711 2.9866 7.3605 6.0465 6.082 4.5313 9.5426 4.5731 9.2367 2.9828 8.6662 8.8728 6.4369 2.1181 8.6783 6.7089 9.4742 4.2885 5.3567 3.4062 2.5625 6.9546 2.5792 9.6867 8.8468 3.256 1.1916 6.1455 4.6221 9.2407 8.509 8.6506 5.9688
7.6784 5.7452 6.1839 6.2659 4.9792 8.6069 1.7642 9.6537 3.4178 2.1264 8.8041 6.8987 2.4475 6.4746 9.8237 3.3041 3.2941 9.3577 1.9254 2.3969 9.8035 2.0654 3.9429 7.065 5.0261 1.5287 6.0774 6.9171 8.0206 8.5733 1.1838 7.3152 5.8009 4.3058 2.214 9.4105 7.9355 3.8058 1.0169 4.8413 5.4442 1.2015 2.6984 7.7018 7.0191 9.6817 5.4393 9.5962 8.1303 4.3243 8.0266 4.2204 2.0504 4.1959 7.8228 6.7202 3.4894 8.365 6.2527 6.4525 6.817 9.615 7.6809 1.9122 5.6097 1.781 5.1894 7.368 9.7406 1.3219 6.8719 4.4976 9.687 7.0128 9.5953 1.0845 3.3337 5.2795 3.8202 7.3287
3.7564 3.9744 6.8463 8.0911 3.8659 7.5364 7.7457 7.4921 4.3307 3.2368 5.6682 2.6246 1.8239 7.7644 4.1498 1.797 9.8187 4.9435 4.7929 1.7675 1.933 2.0782 3.7411 8.3267 7.583 8.6502 1.3309 9.5513 5.6014 4.6552 4.5591 4.8378 9.5311 8.8206 4.1518 7.8362 9.0669 6.4891 7.2559 8.6269 5.7465 1.2683 9.0846 3.8667 5.6971 2.1101 1.4929 1.6234 7.2623 4.78 7.8239 2.6478 6.6789 6.3935 1.5044 7.6566 8.7756 3.5869 4.8466 9.7739 9.6057 9.0071 1.044 1.7829 4.2829 6.7748 6.1125 5.1415 4.3728 5.6322 3.5036 1.4076 3.4286 3.337 6.1211 6.5075 7.1451 6.0033 1.3758 7.4257
2.5012 5.1767 1.5204 3.0726 4.2327 5.7792 1.1417 4.5799 5.7185 1.6887 2.0883 7.8889 1.1249 8.3076 8.5267 6.3833 9.8235 3.9944 8.1215 1.2997 8.2176 1.2451 3.0128 5.1962 9.1064 9.6344 3.9755 4.9282 4.1747 6.3553 2.5703 8.636 4.5208 4.685 6.7658 9.2127 1.1982 8.1294 4.5334 6.2031 4.8452 1.9521 5.7901 9.1713 5.7116 9.233 7.6115 5.134 9.2529 2.2676 9.0022 1.1771 4.7277 1.1347 5.7422 4.3758 1.6134 9.232 1.5159 1.9303 6.7502 6.6015 6.0167 5.6189 6.5119 4.6993 2.8728 5.5291 6.4038 7.2774 2.7486 4.7218 1.8979 5.6893 4.3552 2.801 9.5671 1.6903 1.6953 7.3547
7.501 6.4557 6.6732 3.8949 9.3508 8.9702 1.082 8.3008 7.1251 4.9434 1.8589 3.4943 5.6052 3.0392 9.1509 7.4592 7.0174 5.7724 7.1923 5.2874 8.3473 3.1486 2.9422 4.2996 8.1694 8.5156 1.3745 9.1646 3.3176 3.2776 2.4888 5.5963 1.0165 7.797 5.3458 6.0217 1.3896 9.4762 1.5676 7.2771 7.2465 7.9819 1.0173 4.8044 3.5601 2.6093 6.0833 3.4008 6.548 5.3553 8.0226 1.9874 8.056 6.5938 7.0396 2.2746 2.9585 2.8375 8.1441 8.0896 3.7927 5.1797 5.0671 6.9838 3.2456 3.1822 5.3526 6.0183 7.5486 5.6956 2.1506 7.9506 8.6696 1.9922 9.7795 4.7382 3.095 5.9626 9.8181 8.0553
3.9744 3.0711 9.0721 3.2382 4.5404 1.6383 1.6714 3.5001 3.881 6.8027 2.8051 5.4293 5.1506 7.1402 2.2602 2.6866 8.7681 3.4703 8.8284 1.6324 6.6982 2.7694 5.4949 6.6136 4.9858 9.8696 3.9798 8.1095 8.3688 8.6556 9.5996 9.92 4.4515 4.4785 9.2035 9.8884 1.903 6.6335 5.1642 3.4127 9.3923 1.8577 3.3791 9.7793 3.6012 1.8581 5.2811 7.2647 6.3329 2.414 3.3731 6.2288 1.2847 5.4027 2.528 2.1887 1.056 2.0923 2.3413 8.5933 1.5259 1.2539 7.607 2.9595 5.2231 6.0291 7.478 1.4508 4.7606 2.3324 5.8304 8.8109 3.9867 5.5039 6.6186 8.5999 4.8644 1.9133 3.0846 9.2096
3.5655 3.0519 8.9585 6.9898 7.8817 7.1577 4.3102 8.2834 4.3152 9.2207 4.1285 4.5176 1.2546 1.6545 9.3952 5.8134 5.7096 3.5967 8.9989 2.4671 5.4183 6.9334 5.4652 7.6506 5.6528 4.897 7.1307 9.7074 4.2818 8.2115 8.7663 3.8365 8.8306 5.3338 7.5955 8.9078 4.525 5.7965 5.9366 7.897 8.4839 5.7519 7.6982 2.1314 9.974 8.3519 9.9122 9.1373 8.2566 7.419 5.329 1.3375 2.3693 8.8997 5.5146 9.761 3.1605 8.5274 4.7607 6.1032 1.8513 5.8641 6.7723 3.2994 5.5149 9.7302 2.5824 5.4261 5.0777 1.296 4.3041 8.5831 5.9278 7.7196 4.1838 9.4984 4.8209 8.1158 8.8673 9.861
6.372 9.3959 2.4157 2.7999 4.9168 7.2766 1.7961 8.2475 9.2146 8.7007 1.2859 1.6519 4.3804 1.3671 5.5207 6.5612 2.7152 1.4872 4.2026 7.3547 3.2568 2.2536 6.8424 7.8854 8.6055 5.3298 3.1086 9.613 8.7664 9.5152 2.1817 8.9977 3.8031 4.9124 6.826 1.7849 3.8347 5.7804 3.1078 1.5012 7.045 1.5217 1.7939 5.2633 6.4793 9.2658 8.8733 6.0 5.8153 7.0296 6.7281 4.7284 8.1007 6.8394 4.2403 1.8065 3.3206 7.7662 7.9823 6.2626 4.1663 4.1896 3.1082 5.2926 9.4107 1.0564 4.6732 4.1006 9.7018 7.0185 1.5852 1.7933 7.0663 2.3483 4.6566 8.8808 9.3794 8.7029 5.6549 1.1705
6.3714 7.2739 7.5129 8.7274 7.1759 8.355 7.1965 9.9073 3.4389 1.7543 3.0768 3.368 2.4303 2.4714 9.0669 3.0254 2.3293 7.0807 1.5014 6.4825 6.2348 7.7691 6.0681 1.8412 4.5133 9.6314 7.9858 9.5072 8.421 4.5652 1.7162 8.631 7.4902 8.253 4.5457 6.2912 8.1205 7.7062 3.3121 7.1402 3.5616 8.4988 2.6174 9.0365 9.5003 7.3931 8.8088 1.3011 9.3042 2.8615 5.1546 3.8941 6.2079 4.2468 2.8946 3.6657 7.5339 3.3371 1.5633 2.8431 7.7805 1.0091 1.5242 3.2901 2.6886 2.4954 6.7724 1.5378 4.096 6.9721 8.8309 3.8819 3.8795 6.7333 6.6186 9.4556 2.2538 3.1723 5.2219 4.7708
5.2793 6.9171 1.0666 6.7795 7.0813 6.5921 9.8829 2.643 8.4293 9.6256 5.0795 7.4744 7.64 6.0918 9.6642 8.8649 5.861 7.4039 1.4855 8.9736 2.5343 9.4994 6.8879 2.8449 7.0446 1.235 5.0282 7.8901 9.9874 6.5588 5.0292 9.3866 7.3319 8.7057 4.2716 4.4923 9.8746 6.6638 9.3014 4.1561 3.2464 9.9818 3.339 7.4909 5.2624 4.3462 8.5822 5.7243 7.1078 1.4526 1.7815 5.0556 6.7182 2.1306 4.2947 3.3733 4.3883 7.0301 3.0925 3.9522 5.9472 8.0364 6.5801 7.5011 2.0516 5.9646 7.8905 5.0077 4.1556 2.4446 1.0062 2.5086 9.3118 7.2757 1.505 2.8356 4.271 2.5402 1.3896 1.6353
3.9336 1.4337 7.8985 1.5814 4.5297 8.7148 6.1349 6.9105 2.1239 1.8015 8.1701 4.0029 9.1892 4.9025 3.7282 2.1576 3.9042 4.5725 1.0125 2.9738 3.6545 4.6737 7.7973 6.7662 4.1911 6.5943 2.0733 8.5118 9.2523 1.9153 5.7281 1.1138 8.6083 2.9396 3.0657 8.5313 1.817 9.8944 7.0451 9.7477 9.5288 4.0548 2.3543 8.7757 9.4419 6.9783 9.5247 3.848 2.5339 4.2294 9.9182 2.5329 4.3011 9.37 5.3751 1.836 5.0319 9.4818 7.1847 6.0532 2.4943 5.9131 1.5753 1.4886 4.8019 7.9886 6.6743 7.7061 9.6023 4.6074 7.608 6.96 3.0357 4.4986 2.4368 5.5821 4.4357 6.9131 8.1109 9.8856
5.6589 9.5779 4.2016 8.3364 8.5966 7.9837 3.5455 2.121 8.8196 8.3876 3.1283 5.2889 1.6856 5.6319 5.3303 9.1352 3.2197 8.1834 1.6513 5.197 7.0664 9.9407 4.1753 7.8486 7.3577 1.2329 3.4803 4.5114 6.2809 5.4499 7.1386 4.767 8.9497 9.8818 6.3011 1.649 9.429 7.0642 2.1663 6.3086 7.4747 1.1055 4.787 6.6179 6.6763 2.5067 8.7299 2.7838 1.3259 3.8614 5.5451 8.082 9.0862 7.1297 8.4981 4.021 3.8359 2.6339 1.0228 1.4747 7.5435 8.0025 8.4296 4.0884 9.6161 3.1067 2.8806 1.7549 1.0537 4.7467 5.3805 3.677 6.4373 1.1218 3.0387 9.9918 9.207 2.8482 2.2834 3.7734
6.2055 9.1494 7.545 1.3608 9.1661 7.4724 9.7259 4.4479 7.1422 5.474 7.5257 6.4811 2.2048 5.9426 8.6172 3.6692 2.3556 3.5953 4.6785 3.5629 3.3692 6.7654 5.7611 8.2509 5.7005 3.8473 9.2561 9.9698 4.24 8.5855 1.3749 6.9091 9.0519 5.6812 4.8918 4.0912 4.9058 5.9567 3.5575 2.8351 8.9535 7.3079 4.6523 7.7494 9.1258 3.2548 9.6848 6.423 9.8769 6.4891 4.5537 8.5255 7.0888 2.3848 1.546 8.5831 8.3301 9.4892 1.4476 9.7341 1.835 9.877 6.3203 8.8416 9.7356 2.596 6.9612 6.1609 7.7442 5.383 8.0517 2.4103 3.2894 4.8453 9.1551 8.6045 2.0038 2.7601 5.644 8.6799
8.0753 8.6813 2.1342 6.5496 1.172 9.1986 1.6878 8.0994 3.0706 5.2193 6.6264 1.7807 6.981 9.3606 7.5453 6.4234 6.2875 8.3395 1.4129 2.6542 1.1649 9.8854 2.0992 6.2741 8.5331 1.4523 9.8387 8.3722 9.1808 8.1605 5.442 7.9717 6.6835 5.9192 9.7615 5.213 5.2811 7.2814 4.1308 8.2208 8.3037 5.4131 1.5994 2.5598 3.0199 9.6841 4.7583 2.2134 1.7336 2.1097 8.8068 8.0648 1.6841 2.8196 3.4912 2.8969 9.2545 8.1622 7.8269 8.7914 4.1023 9.0769 4.5028 7.6188 5.0937 1.3905 7.6721 2.2671 5.1678 6.2926 2.5984 5.5944 1.8531 1.5455 7.8654 5.2866 6.6487 4.8048 3.3907 6.6351
8.9718 6.8189 3.9039 4.3217 5.0232 3.9562 8.7751 9.9142 6.5904 6.654 5.5599 2.5425 7.8045 8.6244 9.9674 6.6323 9.7426 8.6337 1.2293 9.8518 1.1698 1.369 7.7631 7.9022 7.7992 1.4796 4.1077 8.3699 5.2075 6.0465 3.0552 7.9829 8.1164 1.6061 4.7502 4.0684 3.1894 5.3456 5.6752 5.8784 3.9593 2.8715 8.6636 1.9047 2.7498 6.0585 4.5888 8.0213 2.1289 2.4403 6.3363 2.2808 1.7023 8.8584 4.7633 2.3772 4.8684 6.8102 6.2491 3.6004 4.6574 2.2438 6.5635 8.1278 1.4817 5.3159 9.8543 7.2981 6.6853 8.9494 8.7656 3.3614 1.5936 8.437 2.8934 6.7727 6.2895 4.2157 5.3302 5.3734
2.7244 5.2055 6.7842 6.4403 5.3341 1.1243 5.7504 6.5534 1.0717 3.9039 2.0831 9.02 8.804 6.0106 6.7275 4.2785 7.2264 3.0197 8.5059 1.0623 6.2571 9.5779 8.898 3.5944 1.3112 2.1347 5.8413 1.1534 1.2579 6.6517 1.6031 7.2853 2.1536 5.4006 3.7139 5.2027 2.8948 5.291 7.3479 1.8857 7.883 4.3413 4.7707 2.2177 6.9286 4.0665 6.8393 2.3969 3.4209 4.3207 1.4854 2.804 9.2954 6.7531 4.4374 8.1599 3.4059 9.2006 9.1385 8.24 4.3286 8.9476 4.9409 9.8213 6.8361 5.1187 1.4906 2.5502 2.4797 4.568 1.574 5.82 1.2342 5.3311 9.5431 9.0087 8.8766 9.9878 9.8984 2.2575
8.0291 7.788 5.814 7.8953 8.9638 3.273 7.1837 4.9149 6.3459 7.2476 9.7249 1.7654 3.699 2.2304 4.5327 2.6497 2.2516 7.7529 8.8431 8.3183 3.688 1.7874 6.549 3.1146 7.2291 2.9729 9.0735 6.7784 9.0112 1.5935 2.5449 1.1928 5.7369 9.9032 6.2608 5.9196 7.9404 4.9734 4.0061 3.7194 7.3786 7.3186 4.6259 5.9807 8.5901 3.1494 5.2349 5.2136 3.1172 6.7066 1.843 6.7463 2.6497 6.4861 7.0021 2.948 1.0424 1.0758 3.8053 5.8856 3.1736 2.3396 4.512 7.3444 8.2694 1.6427 9.5907 3.5505 4.6986 9.9803 4.4124 3.4104 7.9266 9.0525 8.6097 2.8371 7.7388 2.2362 1.6938 3.6346
9.75 6.5836 5.8113 8.335 7.381 7.2528 8.2358 3.7406 2.9987 6.3787 8.8281 2.8057 1.5748 9.532 1.0604 7.427 1.9324 8.1185 9.0785 6.7324 2.7497 5.6597 1.0547 5.6641 6.9603 1.7633 1.4638 6.3349 7.9814 7.3337 5.1532 8.688 8.2778 6.7685 2.38 8.9063 7.9159 6.3056 8.6534 5.3987 3.8079 7.2108 6.7232 3.0632 2.5013 9.6101 7.0034 7.9108 9.7483 7.1895 1.2799 6.0084 8.7122 1.093 9.7691 9.1955 2.6547 4.6167 8.828 7.4559 8.7392 2.9235 6.8785 5.5615 4.7438 3.5318 3.3184 9.0487 1.336 4.2956 3.5032 7.9513 1.4735 9.9873 3.1043 2.7705 9.095 7.5798 6.1284 7.3021
1.9082 5.071 6.895 4.6715 9.8243 7.8651 2.287 9.7346 3.7614 4.1771 8.4044 3.0173 4.1664 5.4645 3.2704 7.9193 8.6838 3.0348 6.4315 1.3445 2.0455 4.1083 7.1995 3.2416 2.9676 5.9051 8.2314 3.1901 5.2961 9.539 1.1552 1.3999 5.8035 9.6625 6.6698 4.0442 1.1185 6.6065 7.9248 3.4545 4.1026 3.9831 9.5907 4.9125 1.5012 2.7263 9.9682 3.1966 6.7214 6.4917 7.9264 5.6399 8.3692 6.181 7.1278 6.9111 8.7954 6.7799 1.8099 1.471 6.0109 9.8001 8.719 5.4107 6.3311 5.585 5.0007 3.2575 1.3658 1.9337 6.3182 1.3729 9.1489 9.7663 6.8748 3.6739 3.3818 9.5048 1.0333 7.0934
4.9896 4.302 1.2432 3.8406 2.3412 7.7555 1.4384 7.3271 4.9421 4.1537 8.0749 5.6852 6.5116 1.3299 3.0816 5.3781 1.7904 8.2104 9.7281 2.2048 5.5613 1.9065 8.0454 9.9537 7.9454 1.9244 7.6564 1.6634 8.6992 9.5349 6.9223 3.2355 9.2102 2.1447 7.2791 6.2761 6.4095 1.4714 8.8628 7.558 1.8283 8.4492 8.3132 7.5245 4.6181 1.8302 1.7618 9.0506 2.865 6.4511 9.8682 6.9739 9.0325 9.0837 8.068 6.8201 3.2562 8.6634 1.9698 6.7124 6.9153 3.1272 1.1851 7.6463 2.3299 4.5249 5.6515 2.1791 2.121 5.9536 3.4632 2.416 2.2622 9.2583 7.0415 6.289 1.8688 8.7488 9.746 7.831
9.0521 6.9587 1.5461 2.5706 1.4357 5.7463 2.7979 1.0633 8.2885 5.6915 9.3455 9.882 1.9645 1.7662 6.7937 5.8721 1.3452 7.1497 6.4023 9.8977 3.1412 1.4376 3.2758 2.4587 1.6308 5.1519 1.5544 1.2793 5.3672 6.4553 6.5552 1.5467 5.965 1.155 5.731 1.1386 7.4881 2.16 3.1526 1.8181 3.5982 2.9841 4.2053 2.8071 7.7683 1.6231 9.8794 4.0871 5.472 6.5368 6.3981 1.8627 1.8271 6.2334 3.8495 8.935 2.2874 8.0225 4.3953 6.5791 8.0101 1.1803 3.4125 1.2637 1.9425 7.1497 9.9631 4.374 9.3157 7.1026 1.3664 9.5406 4.3442 4.241 7.0053 3.6918 2.8058 9.8496 5.8139 7.9234
4.6998 3.6605 7.241 3.5631 8.1259 4.6174 9.0367 2.6514 3.5321 7.5241 6.2637 6.4083 3.3137 8.535 6.0556 4.2534 7.6005 5.1608 3.7907 4.8744 8.3162 9.6894 5.3201 6.5083 3.8913 3.7994 9.3358 4.4982 4.9091 8.8617 4.6085 3.6251 3.9922 4.286 9.5976 8.5879 9.9713 9.99 6.4918 4.6767 6.2497 2.374 1.9769 8.2636 4.2093 5.0823 8.1215 7.9578 2.1476 1.1823 2.4043 7.3323 9.0437 7.5886 9.1879 7.1745 1.406 2.4393 3.4461 7.7375 2.7217 6.0112 9.9428 1.3724 8.9137 5.6476 7.0715 7.8259 6.2329 4.9991 2.2299 2.5187 5.5254 5.3794 9.9596 5.1091 5.5197 7.7671 5.7948 1.9316
1.8123 5.0047 6.675 3.961 2.6887 5.2824 7.4092 9.5199 4.5897 9.1699 9.2681 9.9403 7.2162 6.093 2.822 6.77 8.0106 5.6396 6.9581 6.8366 4.9489 4.4829 3.193 5.9652 2.6074 4.0215 3.3905 2.8895 9.1397 6.3204 8.2421 6.5259 2.9771 6.7363 4.2599 6.0948 5.7996 8.3187 3.6267 6.4913 4.6755 8.8534 9.3934 9.3369 2.5604 4.8262 6.3968 2.4655 7.5809 8.9437 1.0012 2.3675 5.5387 5.8413 8.4929 9.2889 9.1579 6.1913 2.2589 8.4154 2.5953 6.2506 4.7341 6.9473 9.4596 5.2653 7.5768 4.0303 2.3248 4.9024 8.688 5.2947 9.4386 9.7344 2.198 4.451 5.9268 9.1635 4.0056 3.3789
1.2915 8.7029 5.3066 7.4645 3.3529 2.7273 8.9721 4.6842 5.13 7.9676 1.154 1.6982 3.5384 2.4248 4.884 1.8034 2.4278 7.4922 6.8282 8.0769 8.1035 8.4096 2.0064 3.3142 6.4583 1.0735 5.6 7.3167 5.5212 4.2983 7.9823 5.7481 4.0221 9.7742 9.8041 7.964 4.7587 5.0612 2.9871 7.1602 6.9589 2.2812 7.436 4.1334 9.8036 3.7325 2.2554 6.41 6.2818 1.6667 2.2814 7.9052 9.3748 6.2083 2.9557 2.9052 7.3088 3.37 5.9317 9.6844 9.7993 7.5536 4.3869 7.1945 8.2755 9.56 7.983 8.4866 2.8631 8.5671 9.8138 6.0865 6.3374 7.6837 6.2609 1.0302 9.7421 4.4385 5.2512 2.6976
1.6151 3.1933 5.1567 8.6008 9.09 4.9175 2.805 3.317 2.5706 4.3849 9.6364 1.7087 5.5639 1.7457 9.2115 6.7979 6.0499 1.1153 2.3924 3.0144 7.109 6.5008 1.0995 4.9384 4.1468 9.0587 5.0359 4.7856 5.7555 9.2572 6.2368 5.8637 7.3948 4.6982 5.4181 1.2401 2.4761 6.8988 9.902 5.3238 6.6775 6.1544 1.6228 2.1734 6.3972 2.9214 4.6479 9.9046 8.6602 7.9727 6.7707 3.2364 7.6264 3.3138 9.6275 8.329 9.9883 5.112 5.6262 9.871 8.4293 6.3598 1.643 3.9958 4.3596 4.1738 2.363 2.5465 4.8911 8.9518 3.5454 3.0537 5.538 2.4497 3.8699 9.8912 6.8367 4.9809 2.7143 3.014
1.8158 3.9717 4.1518 4.297 2.2123 6.4693 5.867 8.1929 2.1084 1.1269 5.4638 6.6922 2.5907 5.3843 8.3723 7.0847 6.5799 5.4006 8.6018 8.9328 4.0602 6.5361 1.9857 7.9104 8.0078 3.975 2.3358 9.5782 6.8052 8.0507 2.0741 3.2499 5.9227 1.4528 2.5383 8.1 5.5434 9.2671 2.2074 7.0715 6.0278 9.9196 5.0521 8.8503 1.3711 6.6422 7.1732 6.0627 7.5001 4.4693 5.0524 9.6545 9.2076 9.8751 4.1297 8.4761 6.4623 5.0918 5.2965 2.2595 9.8304 4.2798 1.3879 4.3185 1.2009 8.642 4.5463 8.7238 5.1495 4.1091 9.2637 6.0343 7.9966 2.3634 3.287 1.5455 7.4617 5.3015 9.1287 6.5013
7.3648 2.7319 9.3808 2.9266 6.0782 1.3273 1.3895 2.9527 3.7017 8.2742 8.9029 2.5464 1.4342 4.5664 6.227 2.9681 5.091 8.367 8.5165 8.6788 3.4845 3.5501 3.9126 1.1353 9.2826 2.3071 5.7098 8.2891 1.9796 7.1283 4.0871 8.2803 4.6595 5.5864 3.8768 6.228 3.0363 3.5744 3.991 6.4258 3.0672 3.0554 2.9416 7.5844 7.6195 8.4603 6.6775 3.0404 6.282 3.9198 2.9315 7.7216 4.4843 2.5685 6.3377 8.2754 2.2617 8.9142 6.0208 9.9093 6.9041 9.5226 9.1807 2.6932 3.9363 2.4468 3.3483 4.6728 4.1292 4.7108 3.6689 1.4639 8.5306 6.4229 6.1287 1.2582 1.7086 4.4179 5.8311 4.4962
5.8044 6.7172 8.4174 9.4456 5.3672 9.1871 7.9319 7.8187 8.2971 1.1678 7.5726 7.6239 9.5309 8.4877 8.7423 4.0652 7.4414 8.4725 6.1994 8.7333 5.3543 6.7204 5.0343 5.162 5.3836 8.7078 4.9545 5.0661 3.734 3.4954 9.1967 8.1349 1.0312 6.5422 7.1065 9.5125 3.4482 9.7061 8.4162 7.7646 3.5503 9.1401 8.5895 8.8599 8.6009 3.0484 2.1423 3.562 3.2327 7.5564 4.5132 9.42 3.9909 5.8248 2.7662 8.179 6.712 1.8415 1.8337 8.4777 4.136 9.8692 5.1607 9.785 4.1579 6.2401 2.1353 8.1822 9.3303 6.6346 8.7934 7.9642 7.7808 1.4095 6.5559 1.769 4.252 9.2723 1.9257 5.7649
4.5676 8.2212 8.2733 8.6697 3.8011 8.2104 5.2336 3.7622 7.806 6.6938 7.8277 7.0052 5.6306 6.521 9.5495 1.0973 6.812 5.1474 4.6723 8.4684 7.3478 7.2098 4.8929 6.6899 8.0747 8.5754 9.2493 5.787 5.7423 5.84 4.1915 2.0834 9.4076 4.9659 7.8653 7.6937 9.2918 2.3054 4.061 1.7369 2.8767 2.4311 6.7834 4.6813 2.1646 2.5503 6.8428 4.409 7.4088 4.4903 5.3337 9.6929 4.0003 7.203 3.1843 6.3873 1.1136 4.0856 3.1828 6.3127 1.7238 6.5884 6.1405 9.497 4.6269 6.2575 5.8674 6.0567 6.5294 9.627 5.5066 9.9441 6.5132 5.8339 9.448 5.7785 9.2804 4.7425 3.4934 2.5257
6.6622 3.0165 9.6808 7.4449 3.2112 5.5908 2.0636 8.2983 5.4784 7.2245 6.4253 8.0542 7.3507 3.6532 2.1482 5.838 3.2863 7.7061 9.765 9.111 4.5132 8.3085 6.0905 4.7315 8.8963 4.8982 3.5955 1.0117 2.33 7.3314 9.5159 3.296 5.7052 6.0681 4.8572 7.4931 9.463 1.4868 5.5023 9.8082 6.3971 6.5478 4.9202 5.5961 1.5099 1.4177 1.1841 7.3853 8.2597 8.3769 4.4634 1.9521 3.2356 5.2182 2.8444 6.1313 3.6141 9.0133 8.2355 1.4577 9.0102 9.0263 4.5899 9.0701 8.7606 9.0572 8.767 2.404 1.04 2.6637 2.5931 2.3122 5.6769 2.5706 5.3579 9.3076 7.9316 2.4562 9.2598 6.0982
5.998 3.979 1.1807 7.9843 1.1272 1.5059 8.4764 8.714 7.772 4.1843 6.2628 8.359 7.5994 1.7295 2.5327 7.0933 8.5557 3.2964 5.0298 2.559 9.6124 8.0269 8.1751 2.8356 8.5779 1.0007 4.3376 4.4016 9.5195 3.1174 1.5069 3.5886 4.0372 9.1202 8.7784 7.1449 5.4904 9.9647 3.8319 3.6571 9.3524 1.8014 2.674 5.0405 1.9442 7.2412 9.1599 3.1855 9.4651 4.7559 3.7923 2.8527 2.0899 4.5212 2.9161 7.4277 6.4282 9.0783 1.9882 1.4422 5.8117 1.1701 7.4025 8.8719 9.6957 2.2076 5.9325 3.5935 6.0492 9.9194 5.6112 2.7767 8.7773 2.2523 8.3435 4.2788 8.8222 5.8813 5.7746 6.2878
3.1134 9.8172 9.4738 2.3617 5.9459 1.2384 8.866 1.1158 3.1432 1.0674 3.6755 1.784 5.0641 4.661 2.8481 7.8746 7.7943 6.8098 4.4288 8.843 8.8619 4.6033 1.8052 7.7071 6.8753 8.2728 6.2774 5.2295 1.891 7.6808 8.8344 9.3255 2.0535 3.727 8.0594 1.0696 1.0676 6.2044 2.3733 7.2802 9.04 2.0865 3.8859 7.1475 7.3571 1.4718 6.3466 3.0571 4.9971 1.5102 9.5113 2.8968 2.3155 2.1079 8.5898 6.4201 7.2694 3.821 8.5448 6.4671 7.1011 2.958 8.6041 1.666 9.6998 3.0221 9.1327 9.6656 2.3118 6.4733 7.0615 2.3062 5.8689 3.8875 7.186 9.4897 9.2431 7.3613 4.5647 9.0513
1.626 9.9533 1.0876 7.7206 7.7469 8.8307 6.332 5.9775 3.5999 3.0325 4.4821 1.8162 7.3728 1.8812 5.7875 1.9692 6.3991 8.9907 3.021 5.0172 1.0482 2.5162 4.3235 8.4581 9.8661 7.2482 5.3228 2.963 6.2226 6.2441 4.9824 8.2522 2.2696 5.7482 2.4332 4.9298 3.8242 1.4502 1.4065 8.9187 4.5393 7.1961 6.2173 1.5536 8.8435 2.9823 6.9473 4.4436 6.2569 9.2734 1.8378 2.5824 3.3243 8.5946 3.9115 7.0809 9.1794 1.491 9.23 1.8172 4.2732 4.4445 6.851 4.1011 9.4303 8.2452 2.4368 1.5565 2.3563 5.6678 6.4122 6.0063 7.6054 3.4425 1.5806 7.3428 6.9015 5.9048 1.0231 1.4154
5.3016 5.2358 4.6791 3.8177 6.2198 4.0297 5.1413 2.2949 2.9938 6.6624 3.1837 9.4407 8.153 7.4467 2.1379 7.358 3.3441 7.8443 8.2659 5.4103 8.9993 3.2679 7.3119 9.5786 7.0875 7.8282 8.6627 8.4357 5.7707 8.8355 7.1976 5.551 1.7804 6.0108 5.3005 8.91 6.3894 4.2882 8.1107 9.0055 1.4759 6.2634 2.3293 3.8894 6.1174 2.4797 1.4247 2.3068 6.4804 9.181 7.1192 9.31 2.721 5.0035 8.0509 2.1148 6.1314 2.8904 1.076 6.5464 6.1203 9.4575 1.0644 2.8 7.9163 5.6441 3.1638 3.8033 4.7154 4.6985 3.4365 9.0358 2.4881 8.3047 7.5053 8.34 4.1657 8.2893 8.7964 7.4356
5.4693 1.2583 8.1966 2.4841 3.0901 6.4298 5.2158 3.4084 3.826 8.3445 7.9505 5.7317 1.8031 6.2248 2.0418 3.3105 2.5913 4.6044 9.7574 4.9838 1.6682 8.4838 4.9983 9.155 6.335 9.999 1.1696 7.4174 1.0303 4.1184 8.9259 4.8903 7.5895 5.78 3.8064 9.0336 1.7298 9.1885 6.764 9.1702 4.4646 3.4535 9.8326 7.3829 7.347 2.106 9.7164 2.4045 3.6799 5.2407 8.1886 7.4054 3.6259 4.3508 3.9926 1.9243 4.2224 5.5419 4.4419 5.0659 3.7351 1.8062 1.736 4.3569 1.7867 5.3548 6.4865 3.0576 3.2544 3.0226 9.5189 5.2078 8.2988 8.2794 2.3518 8.5922 1.8426 1.0145 2.9069 2.2423
